20 80
4 3
-59123 13385 45412 -80537 19322 -45064 -30078 39959 -78368 15842 -27485 -15749 62557 78011 96680 -99406 -85803 70513 17112 -52398
18 10
15 3
16 18
3 14
14 6
20 2
2 11
14 15
6 18
17 2
17 20
14 11
10 4
6 7
17 1
12 7
1 20
6 19
16 5
17 19
16 11
10 14
8 14
12 3
18 1
19 11
20 9
6 4
16 14
15 11
5 19
15 10
2 3
10 8
4 17
8 1
20 16
14 5
6 12
8 12
17 9
10 12
3 13
2 10
18 8
10 3
3 6
3 1
9 13
1 19
8 9
5 4
5 1
5 10
18 15
13 11
19 18
3 8
5 18
4 18
4 2
18 3
6 10
17 8
13 10
5 13
20 8
2 16
18 9
19 12
2 9
5 9
16 17
6 2
14 17
12 9
20 10
6 13
7 8
12 17
