80 40
28 29
49318 91322 -76589 82394 -75847 -91062 82824 -36614 -90073 -57982 -83285 90468 62496 -50398 -40157 -62577 -4629 -27262 -42911 -62648 -11939 -3973 -64590 -51003 -31212 74727 47279 -64282 -41800 9186 46888 78649 -28964 29509 -12503 14662 -90318 -16509 -47376 -84709 -28237 51826 82237 -69929 -71922 28076 -86970 86408 37844 47234 76881 -19803 43940 -23617 -96409 49610 47591 -77373 -7000 21803 41722 -41016 36247 -30600 65239 -92953 44422 79618 -14813 -72634 30389 -61438 14044 -50396 -21137 93663 -73228 -36302 21675 35519
67 19
3 64
3 2
45 77
70 36
7 57
47 64
35 36
36 30
67 69
6 76
55 25
12 63
19 41
42 78
21 14
1 33
75 50
10 9
56 41
4 62
32 19
10 45
77 35
4 69
76 66
72 37
16 39
12 66
54 12
12 20
8 37
18 2
48 77
26 13
28 29
71 59
61 67
56 75
49 30
