80 80
33 2
20528 1188 -4009 -48719 -17413 -75297 -98776 -12186 -7724 55194 56903 93998 -96442 9055 71725 -43356 -70010 -41820 -62643 -30232 69072 74946 -58692 -1407 77193 -5675 -28991 29295 -98402 -61451 -213 10633 17317 11681 15884 -23108 -85591 88861 -14238 -30580 -67906 -83934 34470 -73619 23034 95512 1339 -1499 -23727 63790 8523 -98097 -4762 -87312 -15117 -65086 -80458 -95549 37046 33205 6766 -3755 -62648 44186 -60816 25258 -20023 54688 -12301 92918 56639 -60112 -31524 11515 -96651 27078 -69708 25516 -88216 -87580
28 49
17 11
68 57
69 34
19 76
58 57
41 34
69 63
30 11
74 58
8 74
40 17
67 40
1 36
11 3
32 54
10 69
22 60
12 47
7 64
47 13
64 8
19 12
44 28
70 60
50 44
38 35
63 45
56 57
60 69
78 23
8 60
14 33
41 3
24 72
69 71
60 10
80 42
42 74
28 60
32 61
2 21
68 14
7 78
76 41
8 67
49 50
17 50
80 38
77 32
53 68
59 48
7 72
43 29
3 51
13 41
19 33
52 9
43 11
54 34
73 40
64 2
10 21
16 80
9 80
41 40
27 9
15 76
74 79
27 7
69 26
25 7
72 57
6 11
80 57
19 64
58 10
55 63
23 14
73 54
