80 300
1 48
-23757 99638 72919 36210 17404 98022 12159 -81481 -67494 -26565 -24504 35931 61118 -28558 -93954 -25058 -56649 47604 40566 49079 -13383 -19441 15757 -90826 -98451 -81730 29870 -78978 74861 9545 -87150 6407 -37031 80451 10445 -68079 -75577 61075 43041 -51126 -18459 73455 26043 90912 -91066 41610 33962 18713 -86501 -50273 53451 91394 -62012 -39480 9631 -63615 -74308 21820 -76741 -63461 -2013 43918 -56497 8134 -62694 -28808 50315 73988 -41465 -30255 -29485 -43055 -30661 -18000 7916 21366 2007 -27516 75039 26147
50 47
42 40
10 30
4 39
9 76
9 49
44 53
48 41
69 38
24 67
46 68
66 48
43 63
72 1
23 65
58 2
67 46
22 29
73 54
21 26
27 28
28 24
53 66
19 43
21 80
39 19
6 37
72 23
72 43
14 7
78 36
71 11
10 75
64 46
26 41
6 12
48 6
19 74
63 50
25 41
15 9
35 66
5 78
39 30
36 2
1 77
53 49
52 34
5 80
67 30
25 78
77 30
45 76
43 79
60 22
3 56
28 14
25 22
80 14
37 33
32 67
9 48
51 36
9 7
4 74
55 79
7 11
80 74
4 13
43 30
59 63
55 45
77 80
74 2
22 6
75 62
9 3
79 75
31 52
34 29
17 11
16 80
7 18
60 69
39 23
47 25
8 18
68 71
60 16
13 78
7 37
80 70
44 46
20 60
77 57
57 45
13 3
79 40
62 24
12 70
45 68
41 37
14 47
9 51
6 56
13 43
32 54
55 32
66 43
11 56
46 2
23 61
12 11
49 30
15 34
76 19
29 26
42 49
20 39
1 38
61 10
21 14
71 65
22 37
54 43
19 20
65 73
54 17
1 27
19 14
60 42
22 13
14 31
13 66
24 23
49 39
66 52
42 80
77 60
68 70
65 16
74 6
72 54
74 77
62 72
20 40
56 32
49 12
60 11
49 68
36 64
28 77
72 48
9 58
63 5
25 31
23 3
62 25
5 18
16 52
40 43
31 79
38 77
47 67
33 77
72 29
13 33
2 69
28 64
12 45
64 1
47 55
34 4
62 45
15 8
26 60
22 66
73 17
33 20
73 7
56 80
23 67
9 41
10 32
11 16
67 19
33 23
39 47
10 22
5 23
50 25
26 7
48 15
4 53
50 3
21 23
41 63
26 49
16 24
53 60
61 21
2 12
4 40
61 54
60 76
29 30
63 36
78 17
23 74
62 22
11 29
77 3
79 64
6 2
36 20
74 41
55 69
65 30
67 52
21 40
41 79
34 54
9 74
40 23
40 73
70 61
52 43
3 78
62 61
37 15
77 4
28 9
24 41
52 29
31 58
11 20
63 53
14 25
52 51
74 75
53 16
14 55
79 30
53 38
32 29
57 55
9 53
62 14
18 44
68 10
47 4
30 34
32 18
65 64
38 26
42 54
29 15
19 24
5 28
69 39
70 58
34 41
4 68
10 69
56 53
30 27
18 50
53 3
39 36
73 28
79 72
57 70
10 8
37 75
71 69
34 59
77 27
64 72
6 76
63 25
75 54
44 52
33 7
55 1
7 68
74 72
44 51
77 15
42 18
63 16
41 67
63 22
46 70
27 8
31 70
15 67
71 28
80 55
18 21
34 22
