200 100
159 58
-1732 -51103 -72038 -96648 87445 -28232 4027 -83477 -1831 -62301 89813 27158 -5958 16121 80629 -65715 -42138 -57884 90970 51502 50941 -32904 -24899 77239 57234 48196 73128 -29324 -45901 43533 74749 -87033 14113 18251 -47869 61077 64668 -31411 -56215 97055 -82758 -78165 6247 -56673 -38842 -3316 -26307 -76860 -68072 96631 -84088 -941 5298 68615 9476 75797 -90587 -41673 31232 -73754 -26547 43329 88426 44219 -28774 5131 -85692 -75002 16965 62053 68996 -38264 -34004 50662 16705 13871 4693 58656 31844 -89168 60774 30210 14871 -14871 -62924 19482 -21382 46299 -97880 1574 -85753 84835 24216 73883 -33975 92793 28327 89730 -87432 29342 -45032 69436 -29027 -2912 43941 -58230 7246 -57409 35439 -62653 66666 -26737 -96900 -4955 -72122 57963 63215 38141 -43884 13679 53414 55302 71756 -52723 19098 29606 13099 88781 27410 -67570 -4722 9753 13542 -45248 98277 -32956 -25234 -32012 98051 -4481 59704 69134 -81923 11068 72215 87206 -53339 32056 -56890 -91697 -41766 -44360 -29020 61399 73364 -84334 51283 -26718 -33007 67031 -47050 -90397 84500 -1367 47778 -38346 -63359 -1480 -86913 1214 14244 12512 58690 -51632 54805 53818 61316 -40357 -85662 4558 2412 -27719 -2368 57982 -40765 53756 42684 -26117 -60749 -37707 -40037 92681 -6929 -59326 67369 73032 62078 32389 64172 52413
100 182
12 170
133 192
58 147
108 120
159 118
141 171
159 45
154 195
114 186
76 138
195 193
130 17
46 169
139 142
40 115
137 52
174 138
127 108
44 39
34 121
37 44
127 164
145 45
155 38
4 69
199 37
69 117
58 159
93 144
117 78
42 162
174 186
179 168
147 40
12 176
44 106
97 110
10 145
173 193
88 10
16 118
10 185
73 71
178 52
104 89
148 100
166 127
136 156
77 109
27 156
196 107
110 75
24 169
26 143
101 83
183 69
83 195
152 2
35 67
33 187
21 166
162 19
82 143
127 79
138 85
116 9
15 60
189 175
123 173
190 119
3 44
56 93
97 192
152 190
63 65
199 36
12 78
122 167
68 108
43 8
33 62
5 51
181 129
23 58
78 59
40 138
173 85
125 36
14 100
156 67
61 104
129 56
56 38
187 151
86 173
21 92
35 193
34 62
1 80
