200 200
117 62
-61753 37020 -2741 -11719 -18678 48038 -11873 82890 58329 -19780 54946 4597 97271 -17041 -80672 56054 70821 -63936 -89426 71301 -67172 75289 56010 71690 11306 -50326 36754 -58207 77269 -87496 -1016 -93347 -72678 -97778 26766 75859 78409 -38605 -94075 -49490 30503 -47736 90229 -57869 -25721 -9789 35668 -49123 -51823 -64602 71208 -2980 84115 -18927 -22017 -32311 49974 39196 -66976 17107 24736 6400 45912 -70100 -98861 2722 -74655 32909 -75732 75280 9920 5453 -92740 -93450 53939 56419 -87413 4710 86032 75776 68103 18758 -24567 -64458 10883 68297 44557 -42317 32265 -6234 -54615 -73634 22043 12164 -20136 56402 -87083 72816 -88953 -98470 -93334 77255 57534 17304 68417 9520 -46718 -90406 -37229 -39158 -37166 -89529 76896 -81266 -11037 8826 -15626 -90767 33751 -44634 -13521 47156 76078 -74714 -32433 87707 67490 -25056 -56779 -15735 75978 -26170 -35588 -33195 50683 51904 97902 497 -33588 -60487 917 56745 50532 -57368 -32245 68927 68583 -72874 55165 -24833 -54252 40401 72089 22715 67370 -95478 34448 -76795 16530 -55742 96954 19642 11717 75817 -59315 94195 -18074 79088 -32015 -12896 -62483 93318 -85332 -82766 19346 -93729 -60628 318 -6446 1515 68098 13334 54216 -18746 73301 19142 28199 44336 -69847 -21515 25978 19053 -96917 -6731 -63580 35319 -1302 80219 -82682 -24187
46 195
125 30
38 35
196 74
65 40
164 90
108 141
157 173
124 88
3 114
36 17
182 79
179 96
131 49
122 110
194 121
11 20
152 109
9 59
112 1
6 18
101 191
154 41
93 121
148 70
200 73
152 112
13 131
37 104
48 150
79 97
101 169
190 122
164 20
133 153
67 164
189 9
181 25
119 171
112 153
131 118
146 34
115 128
132 129
113 80
70 64
10 105
173 27
144 46
110 107
168 157
143 66
85 101
144 76
31 198
55 7
45 33
130 24
96 120
165 40
153 23
102 6
141 105
156 29
155 24
154 144
32 163
188 152
167 4
173 199
196 155
191 154
150 82
108 200
138 95
177 10
39 83
166 145
177 38
197 140
190 195
141 133
177 59
58 154
133 16
53 166
142 10
191 41
107 85
111 68
95 6
14 139
135 23
186 197
181 62
177 60
38 140
100 143
111 37
1 30
1 107
19 187
7 159
72 194
69 111
58 156
63 164
37 68
197 152
190 99
58 191
133 199
39 60
176 194
2 43
48 149
5 48
119 64
88 141
129 28
109 5
166 15
123 80
29 181
10 167
111 117
165 126
65 20
78 27
198 107
150 72
190 155
187 42
45 12
142 42
98 127
116 157
150 119
191 55
154 91
39 90
98 85
133 196
129 164
72 89
165 147
196 46
10 60
154 185
111 38
24 172
24 144
163 85
58 101
170 54
62 44
159 59
88 91
22 102
45 117
172 170
184 183
28 36
137 164
159 30
106 34
12 89
90 189
25 86
62 169
153 101
63 9
193 86
182 117
37 180
69 148
160 17
69 117
140 150
26 145
43 98
88 195
180 4
152 129
50 196
174 103
153 179
132 178
91 79
46 103
34 59
104 133
47 144
4 112
46 130
175 152
151 23
15 38
40 175
66 162
