200 500
151 16
-20490 68231 63361 26000 58082 49701 89485 -31230 37223 76015 40385 76902 67818 -78426 -17046 -17718 -59679 17000 -38785 2302 75585 62685 82542 66080 -41930 90762 44257 27667 -69515 -60902 -45099 71201 -55498 62948 60339 -86186 -9407 835 55113 -50452 -53888 -74334 -5997 93981 64077 72760 -68146 93675 54916 50423 17919 -72856 51330 75241 -41860 -43010 -32287 55452 -34532 45277 -88950 54577 64482 -89580 -78182 68967 -57606 -64288 -12042 42347 -5616 99630 -2591 -6465 58164 -61311 34442 37522 25371 -68245 -97916 9037 -53323 -47576 -14645 73492 -29483 -85516 -78798 -84296 -27 58727 -20620 -15276 -70901 -13386 12228 14047 -503 52501 -95235 34733 -32517 25357 -66219 6389 57682 -25474 -11971 71914 -2955 5264 -76520 -55515 33774 -71231 21928 18015 46560 -39402 -27872 -29997 -83174 21858 25692 59310 75359 47858 -66634 56818 -31250 -91298 -4817 -17243 -13744 -70174 79228 87671 -47169 -23984 -90208 21275 -63460 -93423 16342 -64045 -82041 -74984 60434 -26466 47505 -41892 -2440 24577 8742 -42829 96024 92572 -17623 4891 -77861 68671 -35169 -89490 -52692 62215 22421 -64692 -39788 96592 39212 -21674 -70570 -60623 1177 -59363 99210 -7845 47180 99934 -11785 -89842 -85599 35354 -58962 -73733 1578 2181 73952 5059 63397 -60344 -12986 42635 -72501 -72120 32927 -55367 40017 64633
169 112
154 59
170 157
96 77
111 129
13 103
16 159
185 177
173 46
40 22
159 145
180 4
2 163
133 97
151 1
82 60
66 72
169 197
120 76
105 156
106 198
118 197
114 69
186 33
167 172
60 117
68 125
112 127
90 51
165 52
174 178
35 166
47 2
79 76
54 50
7 42
112 28
21 135
118 105
19 198
43 83
99 129
180 125
130 169
145 156
132 30
163 45
151 116
82 45
44 182
121 12
138 23
74 135
99 116
57 144
21 91
31 48
113 48
191 60
22 100
116 39
99 114
143 184
120 134
6 28
52 149
122 126
76 141
181 193
10 99
161 3
140 89
54 74
104 148
79 86
99 164
67 12
52 12
82 193
198 96
194 148
197 185
125 47
29 28
113 43
73 139
39 37
7 30
104 165
53 155
19 57
48 162
170 8
133 169
175 200
159 105
95 170
178 136
135 17
163 106
58 62
161 174
155 32
196 9
46 135
54 183
181 23
16 158
99 170
59 15
154 69
52 29
146 142
82 169
164 97
120 31
58 156
16 137
27 3
186 138
94 121
11 127
36 169
59 7
84 195
99 39
7 114
76 158
111 73
49 120
139 54
108 32
70 186
133 183
16 132
61 184
98 58
192 166
134 144
3 134
129 163
161 98
44 17
39 65
196 50
108 58
41 9
37 54
146 36
58 130
104 20
180 8
93 98
127 59
88 130
91 74
120 186
165 185
90 140
175 16
146 73
71 17
74 48
167 62
126 186
29 89
37 26
131 140
104 96
199 172
11 194
114 147
176 156
52 118
189 32
72 182
73 128
19 149
147 50
81 103
56 15
119 14
144 63
143 127
15 82
132 113
103 77
69 148
178 173
85 17
62 163
125 138
74 25
141 16
61 83
126 187
162 80
113 195
85 84
56 166
148 197
148 43
18 196
94 170
49 134
124 157
75 143
25 191
44 48
22 196
167 158
129 155
36 177
117 98
190 80
191 37
105 193
129 131
52 142
197 106
188 36
60 133
181 19
115 72
90 169
65 143
20 156
80 58
128 160
96 156
132 101
86 18
155 114
67 43
45 123
137 123
52 76
149 50
141 41
124 181
132 58
182 190
12 16
49 8
148 136
154 22
154 40
95 78
63 91
19 162
20 23
33 165
24 4
70 54
25 127
31 15
199 113
36 191
111 21
152 145
92 60
115 181
34 107
193 55
96 76
182 123
55 195
117 5
59 41
144 107
113 133
148 38
38 177
31 166
196 15
170 92
2 135
112 136
136 42
27 152
99 2
19 11
38 22
186 84
17 21
76 71
77 162
172 155
101 194
67 61
119 179
143 64
147 56
177 186
47 111
89 172
166 174
93 158
25 45
62 85
15 111
113 135
39 98
38 8
131 65
193 186
137 21
173 21
189 52
63 24
95 195
127 129
76 152
200 196
182 139
101 98
71 149
72 133
130 15
17 100
79 15
118 150
122 178
153 21
95 138
21 115
11 125
188 31
36 43
154 28
8 88
103 95
54 69
152 77
41 90
110 148
64 18
94 21
186 17
50 134
148 108
166 140
171 4
116 104
44 108
90 92
63 165
97 40
185 199
31 63
36 148
61 57
35 10
195 88
157 61
56 80
70 17
147 116
139 88
198 141
120 102
134 9
173 179
135 169
126 12
133 185
5 91
143 83
59 129
119 3
79 173
22 52
159 98
133 182
18 146
174 43
152 94
84 152
33 153
100 69
94 62
156 165
71 108
54 52
26 9
96 112
105 136
120 184
159 51
5 180
129 183
69 171
123 150
16 73
24 76
68 115
2 28
112 134
85 164
143 17
87 90
126 131
126 98
72 26
193 118
16 139
153 72
43 189
174 158
149 56
72 8
10 49
137 129
87 183
187 175
135 5
175 6
66 39
109 112
1 26
24 144
134 13
33 128
8 12
112 92
199 108
149 139
145 180
107 132
162 171
132 151
148 15
29 155
168 68
76 183
117 73
37 43
189 133
103 25
98 24
87 24
89 62
169 150
79 4
34 2
66 153
5 172
36 112
114 134
77 34
52 74
36 96
124 105
69 191
161 186
108 39
10 17
200 142
198 63
132 105
95 57
18 155
52 135
157 172
120 138
60 190
160 3
69 167
144 5
44 152
195 42
136 22
118 43
101 169
93 126
168 14
85 156
103 21
187 144
66 162
26 131
85 124
179 45
162 198
70 149
135 159
134 19
3 99
89 102
30 41
189 149
46 70
174 125
179 39
93 5
68 145
97 94
58 86
112 33
89 82
