710
1876
379
1807
1554
1615
2
389
832
1563
1966
428
786
422
485
110
1669
326
756
1763
1995
1763
852
659
633
571
2027
1259
103
1603
55
1517
30
1921
582
1751
1455
846
797
1221
1238
400
774
468
262
1633
1269
173
906
1821
1888
1213
655
1620
1740
226
540
1027
2005
1515
252
1321
58
1146
131
964
1410
1055
1620
1261
811
1869
1242
130
763
718
1425
466
1370
675
1802
1232
1113
549
1015
789
1444
1430
287
1638
1476
32
1779
1134
1838
193
1387
248
1974
285
467
838
489
1056
1544
824
1106
1243
1204
311
316
527
707
1274
1094
607
847
1365
740
1774
1951
1564
632
206
327
932
649
1989
504
321
1645
526
1124
1853
1027
163
343
1778
539
448
998
394
1930
1495
372
1480
93
1906
1114
1658
1418
917
1279
284
57
723
1739
91
645
1646
1417
484
1723
1953
172
964
1567
613
1475
980
1097
1036
485
1918
1294
237
1999
1937
1492
1822
1211
766
1920
327
990
201
1414
1843
1900
1999
32
631
215
1202
1393
2027
929
678
751
1856
1294
1833
797
94
1847
1105
1813
601
1882
474
232
1526
1976
1042
690
1796
1246
1322
1762
1352
1665
613
785
1479
1991
1695
519
538
1105
1209
358
809
1164
330
1779
1528
349
739
885
297
1554
1487
2034
1656
94
903
1283
1341
1952
829
1167
1226
1509
641
452
1903
1502
784
2008
1239
140
533
833
489
1374
1870
1780
321
159
134
1799
1595
1630
42
1996
1354
170
1041
1132
1767
91
1273
1116
1185
1500
203
1597
547
840
345
1029
727
1243
1206
1613
978
1871
714
1829
1487
1996
1686
116
95
317
677
498
1544
880
617
1509
1396
16
1134
1858
160
593
526
503
176
298
1215
877
366
65
1225
57
91
651
2024
9
438
585
1168
363
1518
602
380
1230
4
1133
203
1092
864
989
1846
1835
852
277
320
97
909
1691
137
384
1957
1558
1075
699
69
825
1090
524
109
626
1161
1277
1571
1646
1139
498
239
1365
1386
611
1134
1718
961
1143
1394
1714
1044
699
1522
1052
1063
1255
2041
1140
11
309
238
1562
1420
1612
430
652
476
1315
1851
1348
1853
39
560
1106
692
173
1238
307
65
701
1475
640
1429
575
1198
340
978
627
1913
1629
1438
1477
1643
1924
995
1413
328
233
1311
811
1552
1492
561
167
1035
1429
180
882
878
424
2023
40
438
190
355
2004
1720
1380
1917
60
1132
1383
1777
485
1820
154
303
1887
262
1111
1791
520
450
1460
1415
1170
451
859
552
1573
972
1805
2007
1737
1576
1733
706
381
1551
1625
157
1256
1645
1767
1265
1981
1852
147
1302
2035
489
638
137
1962
48
1514
507
1805
609
1028
1238
999
1162
882
1128
1226
1412
112
691
49
1229
1625
1310
2008
856
24
629
426
556
1337
1357
1866
793
1067
1661
836
507
231
673
204
1848
595
1016
1242
1370
1485
289
1417
91
812
1392
1534
997
289
1106
379
1912
111
1522
840
1058
1577
1108
1138
731
1346
1382
1344
153
1891
231
228
1955
1894
683
1258
1950
1393
682
696
1214
113
678
1864
1724
1344
1381
1832
1532
1682
482
75
1724
1567
1357
1954
1700
661
1035
840
926
1778
265
1958
761
1581
91
1360
832
984
2022
836
660
1185
882
833
873
545
1736
41
1073
1255
717
1106
766
1451
1261
182
1309
564
1806
1658
653
1066
635
199
553
631
218
488
775
1086
555
1456
1847
1146
1274
1560
1026
954
26
581
1922
1094
732
385
1148
315
2032
835
1247
1762
1114
1985
1381
864
1130
1409
1666
69
1794
771
1946
118
201
210
1132
643
1367
1926
1797
1339
1980
1939
565
652
1345
1704
1474
523
966
2040
1208
1494
754
1873
1180
731
966
1162
2041
527
1719
40
288
898
773
356
91
265
518
649
715
1444
901
25
1483
290
83
559
