8691
869
1650
620
1196
1266
1744
591
1861
1857
1309
1000
1919
167
1324
1301
1019
1711
696
1212
66
1605
1757
824
108
698
869
2029
1783
1253
929
188
1226
1270
1136
770
1197
1018
832
1953
1264
931
833
487
1231
1691
1
1554
1580
901
480
1142
1094
1606
1708
1482
336
1849
256
1617
825
1604
1184
787
990
1194
1465
719
307
7
1297
377
1277
1168
104
902
717
856
2024
1518
1708
1112
3
575
1067
49
1926
17
278
1677
1258
1960
727
668
687
1639
1813
858
1430
225
1385
1921
1730
1043
419
24
1058
436
61
801
1775
1421
784
1710
60
1719
1640
1567
377
1122
1257
108
1300
1355
1806
1729
1247
1281
817
1787
1427
406
629
750
1432
1372
472
1410
1195
401
642
482
1649
130
374
2047
2003
1293
195
1795
2013
299
1071
40
1233
208
1734
1916
1032
1233
371
1003
2003
848
976
1944
1103
1699
1171
1802
1301
532
400
448
529
838
1479
1672
1656
1475
872
1685
1833
947
667
360
97
1294
1750
581
1733
1731
2012
1570
1309
2034
1574
1899
1196
1466
1213
924
1527
660
382
20
774
1889
1818
711
1042
1404
1339
1986
1192
306
1918
1014
243
1675
1439
1433
1987
1209
766
729
1582
1198
1203
220
953
148
1051
473
1619
1602
526
932
366
429
230
1750
1245
1444
1559
1742
315
677
572
1774
1664
691
1086
1914
1947
1131
1905
907
967
1383
784
1138
41
1191
1474
1082
500
646
787
1424
277
328
1538
337
833
1566
1889
218
1574
1182
319
755
982
1758
281
1119
944
2038
574
132
1868
440
1108
182
1199
1279
548
836
954
23
1119
5
488
611
1222
93
1351
1028
921
1175
1441
518
812
1252
1738
1756
1167
1346
153
1711
1164
639
327
1062
542
52
1888
915
699
1886
1230
1780
1555
54
2036
1631
1475
1162
507
520
927
108
542
1018
1612
624
1950
1368
1287
551
81
1191
459
322
62
21
1564
1507
1346
891
166
1806
2002
1570
1540
505
1481
374
363
444
1488
1396
936
307
558
1218
1070
1809
556
1348
1355
804
1096
1030
475
1711
1746
262
1858
1798
304
1201
184
1913
639
1849
1597
516
1871
2023
2010
759
1420
1801
236
1145
1315
75
1681
459
1240
1863
1722
177
418
381
115
1402
1225
398
576
117
1334
1226
1160
717
1791
1243
883
1222
194
1266
1323
1665
95
557
947
595
1464
1839
1459
990
1469
23
155
1799
730
121
27
480
716
338
6
1211
600
1059
529
341
1178
872
299
79
304
128
820
1124
997
1569
1973
271
1906
972
148
931
404
1201
842
890
388
2021
236
1490
226
1668
918
1259
861
1685
272
1417
2040
510
1099
503
159
1263
899
544
765
2035
1023
1048
199
1917
1113
959
286
1808
1997
996
125
173
1578
411
1063
878
1874
1409
1283
1706
1
905
1434
1474
405
246
1395
1655
634
752
409
1254
1321
936
868
1352
714
792
55
453
1742
1751
1590
165
354
1392
1732
1947
1441
1937
581
54
1788
1398
678
1130
1384
946
1078
111
541
52
12
998
1173
2020
1894
312
657
866
1966
1063
978
722
1602
903
1050
553
539
1702
834
1550
493
268
867
1486
652
1541
1951
228
99
372
1455
1035
636
824
364
300
189
1395
982
627
804
32
940
1936
398
753
1513
52
818
24
1828
888
661
834
1948
59
601
1468
1353
1527
833
1633
1329
1199
445
102
2009
1040
938
1794
595
846
1692
746
182
561
1621
856
1982
472
1676
1130
684
1392
1708
1242
1014
487
953
172
1601
308
1039
390
1179
2017
301
1012
1591
1474
1882
1260
1369
432
184
267
1860
1283
71
909
919
937
2034
1393
1425
412
1049
1871
1999
1931
1339
1002
384
85
1644
1828
1838
1565
468
201
203
954
28
882
1442
834
1515
1850
1829
1222
301
76
335
1980
1849
1856
1806
1545
524
418
1148
494
1661
595
592
1591
849
315
331
271
503
730
581
1617
748
1423
1667
102
932
1779
1113
849
1452
1597
1665
52
1883
313
1948
1408
1091
209
1798
1522
1616
1094
403
625
1971
201
1979
1712
1067
1356
1451
1377
591
1766
839
1288
1184
1859
154
992
1245
1904
843
1213
46
1244
932
1029
234
1254
729
1422
466
2025
1778
1463
1156
755
1413
548
1827
608
805
1410
1828
556
896
1189
1424
1726
1797
421
279
1981
635
1723
1155
1792
772
197
1503
1987
1113
1360
452
1680
779
895
1153
770
324
1329
94
1180
1272
183
1444
120
973
907
246
1982
658
1826
1673
180
990
1642
1467
1994
1658
1003
1952
355
233
1451
1145
558
408
1608
1230
661
413
1586
1747
1406
636
1478
384
777
1508
789
756
863
695
94
1824
238
1245
2018
1024
1413
1115
1445
348
680
1056
1194
1359
1487
1177
903
1585
295
328
1912
986
1854
642
854
390
1998
414
28
1698
1890
95
1553
16
708
1847
442
1256
355
92
1309
521
817
550
1571
416
2010
819
453
191
1203
1554
1698
580
1037
1258
1152
265
1289
194
1192
676
1530
1386
1801
2004
952
1377
607
908
745
707
415
260
1925
1287
6
170
83
966
541
1469
1957
148
1932
1361
1280
753
334
1703
1960
1019
1930
1044
2023
795
1693
1108
146
1320
1504
1548
841
92
725
293
1646
511
754
44
794
882
953
1651
965
1379
1707
1990
1709
605
278
1438
1673
859
669
1827
1739
1625
1975
1404
236
613
998
818
1492
564
681
74
1931
850
2022
300
57
181
820
2030
814
1805
1997
888
1916
935
802
180
2014
1805
1761
1970
1962
1442
1269
873
1586
1446
48
1115
859
594
1086
1493
755
1437
1695
311
649
1685
253
62
1586
382
497
1164
840
1860
71
421
673
1783
1140
1322
140
404
1296
183
1275
1799
220
558
1768
659
1611
1008
797
132
1730
1551
1871
1770
897
1781
170
85
289
1912
195
1253
1858
1480
1955
1493
447
1755
501
111
1050
1977
582
2027
1333
1057
233
151
1999
559
197
1811
1982
589
469
315
1344
224
1600
715
1772
1501
1526
626
1396
18
1631
578
1577
429
287
611
480
1137
1395
191
300
1328
261
1410
1282
1732
425
1400
1795
202
943
1547
935
1159
393
1983
920
1534
1188
1549
801
489
134
202
521
1555
1031
1967
751
1194
1750
63
75
1953
1735
568
1611
43
254
1546
102
1056
874
859
659
1530
572
1257
423
1003
158
1276
823
854
531
1523
43
89
1444
1689
1833
616
1707
1458
1014
246
1611
1002
1417
1484
1037
932
897
1439
1861
1623
1896
358
1954
1933
1531
94
1970
1680
1345
1450
115
1712
47
677
158
1668
1764
557
1272
327
679
1711
797
100
572
324
1017
1027
824
1214
382
844
1760
1071
1765
787
1643
1812
849
1685
1977
1678
505
357
1966
1206
951
876
230
231
347
1718
1179
255
198
1590
260
1918
1002
976
1070
1066
657
761
1612
263
1215
2045
770
476
1654
1497
1971
948
302
1860
413
1583
1099
1092
1511
308
374
1755
1695
44
880
1371
185
1195
2028
944
616
235
757
1235
1952
1867
1319
579
1657
316
1558
1556
939
1142
790
269
1208
1544
1588
1162
1409
1647
2045
1722
218
1052
634
1675
739
959
18
1672
435
1653
835
562
1512
1549
1706
668
1058
286
344
801
1129
548
253
1126
562
1193
1261
458
597
1349
1907
991
1122
1259
310
1615
433
923
709
1793
1050
1954
1180
812
1620
907
1569
1798
128
906
335
312
1712
548
1802
1110
1791
901
1778
603
521
276
17
849
1528
1308
1664
1225
56
1691
1554
797
1265
1756
785
879
1811
751
992
366
25
657
1035
556
496
1274
1912
208
1387
1512
150
841
1358
1439
1049
1899
1494
9
1860
1892
1040
968
1809
1466
1416
645
1124
729
1083
339
313
1234
1854
181
1079
786
1702
707
517
987
1041
1533
1735
890
1322
158
524
1815
352
1296
1817
1215
765
1139
79
605
1947
359
27
1199
762
166
267
22
1734
1693
1573
461
1966
1650
850
1427
978
1246
1213
983
1691
382
325
1677
1134
1667
163
347
1510
1191
559
27
1415
1371
880
1792
308
1976
975
1158
1799
605
1579
1640
1578
793
1090
1164
1862
1784
1138
843
125
1932
2043
1743
398
2031
190
1511
845
962
1205
1121
1110
657
1529
830
1689
180
1955
820
1246
10
965
1278
149
982
1075
1142
176
858
477
468
1256
1931
1191
865
1413
853
452
271
1830
577
690
773
406
1579
559
288
85
1156
1417
2045
353
1614
143
1671
1227
510
1038
1585
3
1984
1874
1089
1616
261
2038
1256
1176
20
1129
2013
783
586
1051
1932
1884
1153
1751
1707
644
1095
1929
851
500
137
448
383
1387
1662
226
1900
1872
1328
1491
598
148
1258
107
845
892
1729
1306
865
947
771
1492
1271
834
1266
1915
2010
1867
2028
222
1802
599
731
222
1185
949
880
1850
1730
566
1386
1897
852
1998
1726
1891
1140
1994
1672
1595
889
1637
1017
190
1193
996
1406
936
1029
613
77
685
367
750
707
1755
184
182
527
952
700
698
193
1001
1569
609
795
1075
153
426
902
220
1456
253
256
754
379
1332
1038
1550
483
628
1917
176
777
453
687
1334
908
1368
323
1505
1350
823
181
266
134
75
800
1536
506
342
1921
931
1813
1072
1412
1631
716
1108
650
2001
1331
554
722
1693
1028
1132
1284
656
705
1990
632
476
1498
988
1705
492
1796
1930
1898
6
1393
557
247
1706
56
339
967
942
1248
292
538
207
126
6
43
1056
1913
951
30
1482
983
624
33
1595
649
1029
1950
492
1155
138
1041
1261
1600
1133
1854
952
1599
763
1796
1837
431
1668
1540
678
1970
176
1692
207
2012
2034
1909
1331
695
1641
1796
1523
606
832
509
484
1598
1915
1483
1744
1794
924
331
1773
1505
1523
955
832
198
585
1946
1946
573
1238
1363
2018
1725
1006
748
1587
71
414
1894
284
1023
313
370
312
513
1792
512
1350
1208
407
969
608
22
318
1877
1004
1756
1293
1666
10
545
1539
762
950
1286
97
1501
219
1781
24
551
1796
65
1826
1443
1067
1411
580
997
229
614
1056
1348
1179
355
103
576
435
1188
224
1647
1125
1194
498
150
1958
930
433
1689
532
1044
918
1666
1371
270
1974
1053
110
980
1181
500
450
30
2013
449
913
137
1695
1135
1835
1563
1585
750
61
2027
1751
1627
15
588
760
1693
1853
392
103
991
1773
1493
1369
508
590
1371
1778
1700
621
1890
1819
1982
1796
507
280
626
2000
996
1813
1469
908
488
744
403
19
915
281
1398
776
1944
1243
1974
1380
1513
1600
1951
1480
1149
925
1468
1064
1704
1392
1393
930
1471
1207
1923
585
676
948
282
487
376
557
1298
1140
1764
1300
37
974
946
1651
1055
1965
1362
1864
1091
1748
767
969
1211
1431
1102
606
939
1705
2039
612
663
636
412
1255
813
370
1162
1470
1447
1474
1053
362
729
440
1365
647
271
449
1150
376
821
663
1670
309
2027
1607
732
1501
1376
911
1895
1662
2005
939
701
1698
1119
237
1117
1305
736
1129
1669
1600
284
1606
1519
1086
41
464
1983
908
39
899
1188
1731
543
1531
680
1415
1068
1734
825
128
303
605
503
1984
28
1798
354
1084
1598
1493
460
156
175
1755
213
49
1796
1295
550
44
229
1074
1207
2024
1691
1321
511
1905
115
553
831
494
874
1557
569
398
1547
81
1873
976
1079
1317
1985
1251
1842
230
1622
1691
500
990
879
40
1137
243
59
580
209
290
1346
415
692
1922
668
480
1429
281
1681
1092
555
174
489
429
1853
317
1547
1863
1794
1416
1003
1173
1686
2003
1026
1727
655
889
378
213
574
583
668
476
911
1259
1639
1291
1053
779
510
1645
114
1820
70
82
1047
771
1923
1029
2021
1444
870
1901
1682
82
202
731
864
669
617
699
285
1680
969
540
472
766
888
869
1520
983
475
578
154
1871
1749
1643
1782
32
235
1285
1810
995
894
1272
604
1219
957
443
135
1352
1177
679
1430
1399
1912
905
1162
1515
1059
1043
516
530
1140
970
724
1503
510
961
1901
1061
687
1259
646
360
792
724
1205
907
261
662
1535
1442
1152
937
1153
1571
1063
407
2031
82
267
1117
1332
539
1645
1534
672
1374
1433
126
245
1048
1767
1036
1077
1794
44
865
1210
1953
1190
1705
758
641
935
745
641
118
1055
687
156
843
161
336
486
1333
1980
1130
1612
319
1617
604
422
64
847
1000
811
1237
1419
287
867
535
538
1053
785
1232
604
556
72
828
1574
1110
1738
1009
1802
968
777
179
1250
1548
694
532
934
803
154
934
1145
773
24
992
843
1044
1777
577
1845
778
1737
1932
68
1292
1369
1998
1920
585
1762
1273
1052
1052
564
856
99
568
1672
1955
1403
703
519
542
1300
1274
823
1764
1426
1005
1108
846
1954
1236
1950
824
1097
973
578
469
112
1430
1199
553
523
377
1074
1527
1938
101
1723
1806
446
1324
918
84
639
650
1070
1853
762
1030
1419
1599
396
115
1100
1484
1527
818
360
1656
532
203
1897
947
134
274
1879
1680
187
1144
942
469
1629
1644
1628
257
433
11
1899
1105
588
1637
76
467
615
1109
1763
1464
1123
1426
1249
148
1220
662
680
220
1256
496
1323
1215
1295
1835
157
61
1456
147
194
720
1681
347
420
650
302
1364
977
318
1996
463
12
1634
1850
1411
206
1913
1562
1646
1637
1788
1142
1296
572
590
2034
1527
827
1905
1889
835
544
567
108
1605
896
1327
1167
425
1660
1098
540
2007
418
274
996
474
737
1208
1146
1108
286
1863
228
769
822
117
2017
1699
1594
431
1126
248
1047
1653
851
1914
1279
822
329
1943
1265
1999
708
1000
1832
1874
756
350
191
757
221
1957
1156
1412
732
277
1699
1826
1047
566
1222
1267
785
241
393
1059
670
1378
686
455
1147
1
1988
585
1203
923
1011
1231
716
1144
667
943
1277
792
689
561
1208
1968
1640
1734
437
1890
1333
1315
296
1486
2035
1354
1884
802
919
1055
2046
965
2001
1851
426
298
1799
545
605
385
1470
1320
1723
90
119
1278
91
1924
54
174
1275
840
1296
1372
1429
2038
1755
1689
1381
358
1839
842
237
880
174
836
1180
1395
441
326
1720
877
960
1653
867
761
1913
854
927
1706
1961
70
722
422
647
1237
623
840
578
1309
605
1303
1860
1917
937
1025
2035
699
1617
1612
798
1767
424
410
1807
1048
955
604
1127
418
1725
676
1033
515
113
1227
1985
1407
1924
1108
1228
1429
1990
122
39
1707
1984
1233
737
1175
519
1104
1122
22
295
2033
739
1983
1056
623
1556
89
2028
33
1605
1699
1839
1856
213
1620
151
802
969
1659
687
452
1487
385
1505
1056
1001
746
1996
1794
148
1532
52
1033
156
261
590
901
371
1037
347
1562
1266
1638
499
551
129
243
1794
568
967
1731
1659
269
851
1916
1816
1589
1160
29
1945
1314
1607
1594
1862
1838
541
727
1163
1619
351
1488
990
1966
1390
1916
163
252
1275
1649
1512
1827
1348
1961
1732
27
1169
1285
576
62
291
957
1554
1859
1329
1649
1862
725
1540
222
1870
771
1835
1458
93
340
527
1616
868
1146
99
1687
1135
381
1646
464
448
1580
1096
1306
1672
1951
1109
835
1521
1025
849
830
393
1056
1109
1949
1026
1847
717
516
2021
637
1872
1903
790
1191
48
962
1551
25
286
675
1848
684
1254
1866
587
838
1297
524
554
78
1606
1660
939
1113
368
1374
481
807
100
653
74
657
26
1044
819
652
102
404
1278
963
368
1498
1044
428
237
1408
1973
287
131
1040
759
120
1633
1482
783
631
1025
721
1713
2000
60
165
669
1896
428
752
980
1363
822
1538
765
1597
1874
1439
2034
1955
26
464
974
1940
1396
493
1946
1761
18
661
17
138
42
329
1250
793
973
601
478
484
1395
8
447
846
1471
1817
1744
399
1299
1557
1106
1850
507
216
1913
1723
167
977
963
1949
843
1086
918
103
473
1618
712
1904
734
1387
436
149
797
1868
1834
89
1220
1252
1443
1827
1158
446
877
1555
530
1035
638
818
1773
339
1907
1967
917
1492
1326
1326
985
1438
33
952
1130
1429
1094
1322
424
34
1152
1327
999
245
1972
284
220
1396
1020
550
655
486
1532
1251
297
307
191
1270
1033
127
879
822
1265
1310
1190
592
691
1295
1143
1959
1474
1818
1225
823
885
762
473
1464
260
844
1563
925
1717
1776
557
763
970
635
85
55
1816
1666
594
311
126
553
1416
559
2036
1887
1482
1219
416
1691
1808
3
784
744
554
1520
70
1355
612
158
1959
195
1906
316
54
1482
1411
656
425
544
559
1275
10
300
706
728
1592
1600
50
1149
289
74
1066
1178
10
737
1369
956
1402
1491
1984
1395
651
397
1398
2016
1729
1749
812
1424
609
782
1593
1918
70
600
197
1712
1772
509
692
1426
1506
2019
1286
1899
1838
1052
586
1997
645
542
1066
187
1313
1118
1968
1054
970
1232
1214
25
1199
248
1283
1433
1082
511
1680
1715
249
1985
1434
1276
1571
1918
968
107
1928
1401
1796
580
248
1232
388
169
57
28
1163
1278
971
1542
635
742
1132
230
1396
29
944
152
440
82
427
1828
1691
556
1442
1301
618
1878
415
1071
1055
1885
1009
462
828
485
1280
968
1160
1889
1660
244
1320
1787
748
1896
1076
1884
611
188
598
1269
392
1648
1431
366
396
944
712
1814
1438
240
605
1578
425
1101
480
986
2001
1531
639
867
109
2001
675
920
322
444
1304
1211
169
1702
269
643
1545
129
183
105
1864
1261
1627
1219
919
1533
1242
1644
1743
1794
2032
1897
939
157
1052
158
190
1766
57
1312
1810
1772
1558
1535
982
1562
741
457
1062
483
938
31
1767
669
653
1997
104
396
114
393
1929
1690
1213
1031
459
433
1093
664
518
1366
2035
54
1643
1205
1423
1237
857
1440
533
20
2007
1361
106
1418
1758
1120
1333
1153
1344
2022
935
323
355
1702
1649
479
887
990
976
441
1874
1079
1501
427
132
1726
867
16
1055
1860
1767
511
1663
375
1566
350
589
1143
1455
416
110
1375
918
1370
86
1994
1964
1236
730
499
806
1971
63
1827
710
1688
1646
646
80
1893
1767
408
1225
1779
69
2023
701
1583
963
1170
1962
1376
43
1212
1873
1598
287
1059
392
1740
1641
193
602
112
1711
1211
1258
1736
1508
2027
1558
1239
1998
1162
1545
1559
71
1638
429
163
1915
1575
80
286
577
98
1376
1947
2037
1326
377
1991
1971
5
1775
301
1040
1767
59
73
688
1296
304
595
1332
307
820
710
1954
459
651
882
1816
1195
1373
133
1611
259
1896
591
207
1279
196
482
309
731
678
1688
1456
924
1693
365
586
1256
682
641
14
1081
1912
1545
1238
1578
2019
1405
1901
749
1121
465
411
668
1596
1355
1789
1106
1241
1709
624
838
42
781
1892
1105
1549
65
983
1237
1450
1791
1469
1648
858
1278
706
949
766
1458
1277
736
2013
1339
1411
1474
340
1099
1224
1533
629
1460
138
1789
814
1569
340
543
1172
597
1345
1948
2026
999
52
1627
1861
1282
1774
116
33
740
736
1032
786
1074
1803
1474
249
1359
153
1310
1100
385
723
714
1780
1707
1628
1472
6
281
304
1533
210
1751
1793
619
199
1131
1355
878
1199
149
1228
40
1175
1643
1163
1508
497
654
1894
965
1200
11
240
1727
1812
1568
1706
1716
502
1043
1388
1519
208
2039
336
1124
1525
1866
1638
1219
1642
1431
1632
1938
1588
234
1917
1553
1668
1025
1581
408
1712
323
19
1486
1333
790
546
365
326
1187
1841
980
466
603
1261
791
574
243
1942
516
657
234
1978
1898
1213
464
464
613
172
1962
814
1458
1536
1607
228
1568
289
1421
1571
1948
1348
1993
900
970
849
331
1381
276
1918
1668
1282
960
1603
1857
17
544
1095
1909
1503
1243
1747
44
1918
34
1384
1875
870
1077
1663
670
398
894
1364
925
1689
821
1206
1390
283
1127
4
88
1107
1106
550
599
1650
380
1601
144
802
1441
1707
72
1736
1261
1598
652
465
1215
74
292
1554
1197
1608
1540
2040
1982
1641
125
1241
1517
565
585
861
1804
102
260
877
54
89
282
1933
384
333
174
702
1999
1558
1478
1016
282
1571
1285
1161
725
1422
1001
483
264
736
1066
1471
1184
156
1134
205
166
1725
869
319
1086
344
1501
863
1380
756
1518
138
527
937
1843
9
56
1381
1609
275
1818
1522
687
1811
642
958
1829
725
2008
1601
253
2019
270
764
778
525
824
1795
930
1452
10
1170
13
791
1414
1065
567
1791
2035
958
55
1534
105
1588
1835
1750
487
218
1256
1940
234
991
694
560
1810
36
537
1504
1427
917
1388
254
1257
1024
1494
608
1112
1690
436
66
1855
1516
438
1414
1406
1730
1045
1290
1658
1910
646
1131
807
1998
650
1090
679
1200
1677
759
239
682
1516
1794
1834
391
498
4
1635
2017
1676
7
1769
372
189
1322
814
1
1324
102
531
68
1819
420
822
486
1765
525
649
1970
1975
248
1159
1081
1727
883
1914
1088
1474
506
1110
1906
1611
204
1715
1611
1079
1511
2016
493
881
1492
294
234
280
797
131
1456
1269
623
1247
724
1126
136
197
1686
1290
1453
1383
1738
1990
739
1051
322
850
570
227
1095
222
1582
2036
749
1689
854
1828
1473
172
367
1656
675
162
1805
1314
1947
1007
287
2022
715
143
207
1241
1474
1470
1115
253
857
1192
311
996
236
1753
480
264
1655
1239
114
720
1233
1493
1251
1696
624
378
1030
1572
1476
195
1302
130
82
558
2010
176
541
74
1082
900
739
762
1785
510
164
1945
627
1173
970
1978
1117
656
1973
829
1896
1005
469
565
101
15
1449
693
352
1701
1566
1398
356
448
229
1612
1642
913
768
557
2030
924
1817
906
764
182
379
572
165
1214
1223
308
80
125
524
1307
1787
603
996
1432
324
1426
801
1591
963
582
803
804
751
1109
285
422
1598
630
670
1347
1744
631
1934
1059
1078
1928
478
55
424
1354
1596
1642
1732
485
1820
1707
610
114
1279
1352
2028
753
1796
81
1055
913
224
1057
1278
51
896
1542
1351
969
1004
521
1938
283
575
2000
1864
618
981
1620
1703
914
1203
218
846
1050
999
817
216
664
711
643
201
850
546
1308
391
1454
822
777
1847
1795
1000
1447
951
1624
1278
409
54
18
1445
338
794
1869
636
278
1767
94
988
405
1639
928
1334
477
1981
1069
1544
337
1205
198
415
1888
629
1286
974
690
188
1650
739
524
1207
1412
1539
1828
1917
1687
682
69
796
1569
858
107
929
1069
1929
197
576
235
2025
15
1522
1358
1322
2028
1414
1952
470
752
1900
942
537
725
26
704
1664
932
1586
742
1555
935
384
175
860
904
1671
637
437
198
498
1909
1223
1296
464
1639
696
34
1563
644
835
807
1793
849
759
370
1104
163
1204
698
509
1584
848
1955
507
1666
500
203
1505
1605
404
1143
12
70
1147
776
1299
1023
991
1979
1078
794
1688
303
16
217
736
1687
357
1838
1556
1593
1563
1639
382
495
511
306
114
283
1350
947
1630
864
515
1818
1576
289
1522
284
1579
85
125
1088
1890
1593
1143
1733
1325
382
1934
1690
1137
1669
1914
1838
464
1753
1938
1356
1227
565
1586
96
674
1823
1638
1407
690
969
682
1680
1858
1311
1892
632
448
361
1513
1622
949
1876
2030
928
133
714
1467
2045
1888
216
193
1772
1644
140
1925
1348
681
328
874
129
908
683
1838
332
1468
1296
1085
677
1021
1465
1143
1155
1609
356
1398
292
729
1578
1589
736
1340
1030
179
1552
1999
1321
1220
1403
15
102
220
1125
279
511
1489
1041
1337
269
1169
787
1459
262
1240
476
705
1059
1107
106
1211
1399
1622
1166
1763
1450
1770
111
88
382
771
1396
492
2038
816
1694
55
1065
579
180
1009
142
549
2034
1346
805
1851
1697
1866
1515
753
10
1464
1785
1328
207
1617
1144
1494
895
1246
182
1821
734
783
410
423
460
1449
906
1051
691
2021
1235
1600
776
584
333
528
1461
982
312
104
246
742
705
1658
1511
666
1714
442
253
708
1644
1071
1945
624
1450
415
1374
1073
524
245
1821
1283
1168
1128
1609
869
122
1881
1036
359
1354
85
2011
235
1380
1404
48
565
62
962
1271
387
1914
355
1495
949
647
642
968
1893
1423
1875
130
1308
1750
17
1798
1595
76
937
338
920
1270
892
842
40
1060
1182
1825
393
658
1180
1226
1888
1582
1499
92
1356
26
248
1835
436
1773
1577
118
10
144
279
1940
1428
1770
1987
167
1335
1213
1525
1120
247
1106
626
350
1551
1195
1615
1229
1749
774
13
817
228
1272
2025
1799
1150
211
1339
1334
1112
1246
974
1276
1117
1417
1220
620
5
511
1867
192
1365
24
1801
999
595
1431
326
714
504
1046
1866
504
1791
492
1393
1831
1537
406
1168
525
281
971
1803
1658
111
923
877
437
1475
580
378
1304
1806
148
1780
509
1515
1449
297
933
758
1370
531
224
1043
1220
648
2002
1149
535
28
1287
341
1966
926
1910
1979
279
744
1836
1666
777
440
1334
1150
1594
1315
758
1365
96
1505
130
296
441
304
877
453
272
225
1329
412
1130
874
872
472
1330
561
1953
1352
269
1391
1631
1224
563
223
978
1750
1869
1409
829
743
175
1117
34
1046
1115
609
1799
1914
1472
1578
2021
1846
1257
284
904
670
1633
407
681
892
1234
2039
418
1852
1233
1311
447
1900
294
521
1667
1851
1179
2034
388
133
1532
889
1404
1895
609
965
590
495
572
714
657
272
1371
746
1178
903
1377
2003
1309
1669
1705
514
1359
865
1033
1944
350
1064
1487
1394
374
615
529
1581
1021
588
443
908
1
316
1615
1197
1636
106
1569
972
169
96
555
1944
1548
231
1810
256
1215
823
592
1601
1402
1102
2012
970
1661
613
826
1180
656
1260
1414
133
1556
282
1997
1096
919
1872
1917
1167
1360
1274
368
1626
742
1347
233
1551
1006
470
55
971
1622
1895
1542
203
1918
515
1429
1062
1807
1857
788
449
1986
110
1342
95
1137
103
1428
1770
1180
1986
2022
1574
273
1462
881
1865
1355
1534
1239
1646
922
338
1381
1178
550
1187
781
800
1975
505
866
2010
395
886
1975
1128
77
1063
268
1002
310
513
898
1790
1719
1723
1486
1038
1205
1090
1178
273
567
203
1419
950
577
88
1810
553
1738
1743
77
1800
1802
4
1178
128
1982
1693
925
955
667
1001
183
539
1327
1577
1287
22
126
1393
1026
450
378
470
885
1776
703
1087
950
739
1249
388
1245
1460
266
503
1885
215
214
284
47
1716
1979
1311
1319
1328
1220
1102
1909
1744
179
1712
577
581
551
1396
274
1224
1735
908
560
510
1420
584
495
1330
1319
1772
1624
1866
376
821
813
1044
1444
641
201
1921
1364
586
229
328
1773
1329
1388
502
1700
1676
1084
1440
1153
690
766
470
1186
993
75
1918
697
61
693
1774
1772
1056
387
1335
322
1232
1628
1841
1856
477
1702
1989
1565
1642
404
313
1202
1019
37
115
1732
967
224
576
1718
1406
589
1277
525
1040
1377
785
1968
858
1975
914
682
1230
279
993
1715
204
1321
2030
1982
59
63
682
1162
149
1131
1643
1892
9
1505
1457
480
423
1024
1728
139
105
471
1943
143
429
231
94
730
444
816
380
288
1976
1399
1697
1968
1141
972
1450
1277
1725
806
793
1269
1091
1203
835
201
320
1396
533
1543
469
149
686
1409
905
834
21
318
1888
771
1590
1437
87
1268
1560
553
208
1055
317
1319
826
1365
2023
1001
603
1398
620
1717
433
132
37
293
795
1378
695
1545
698
1523
1648
1952
426
708
55
1368
24
988
669
1609
335
573
460
1210
299
548
1766
602
1769
508
782
212
582
300
629
1975
1270
1953
1975
1592
114
1005
272
1297
153
724
100
498
402
116
1486
526
106
1116
1817
1340
311
1939
1081
1369
1318
1117
1381
1711
275
463
987
1147
579
1867
1818
1323
1601
1730
89
503
694
512
519
1685
617
1245
1489
1093
416
80
1261
84
145
258
474
776
907
1876
556
1015
1474
189
1465
1993
99
1912
1116
144
114
838
1239
1464
1269
94
1282
1427
1844
896
1635
1474
137
1332
1674
49
1759
494
373
85
928
1910
62
1695
1618
1001
2032
2010
632
1743
1847
1555
18
1986
1874
1697
1983
146
863
1199
816
1703
601
596
3
1984
682
1914
127
1421
1430
415
1560
1686
1775
377
306
1699
923
164
1712
1565
1621
2006
510
1788
93
1278
1841
554
1545
879
1995
357
446
427
746
1939
1623
962
1493
504
175
1474
876
1155
189
502
1226
1030
1790
1440
689
342
724
688
800
172
1462
1087
1640
548
133
377
13
621
539
1580
286
1163
276
1935
755
147
1852
880
742
1947
542
1931
1694
1437
1177
699
1633
523
205
1709
1416
1569
109
1506
761
819
1784
1257
63
1249
531
95
645
1147
1472
546
1856
107
237
231
103
182
1325
1126
1774
400
412
191
1273
1270
1371
436
448
1439
1178
1815
914
351
1860
344
849
616
248
337
1895
146
923
1233
416
1856
494
382
1331
786
757
1464
1000
1040
766
224
149
328
776
1052
279
897
155
1392
1363
1757
393
1216
1270
1485
1162
604
126
698
1794
1289
710
608
1661
1370
263
1651
2023
213
1541
297
1779
574
425
1543
1022
1177
1971
30
1290
68
1679
641
178
895
1380
1024
1866
1771
449
457
430
581
1313
1599
285
871
176
718
1623
1160
1171
51
299
1731
1995
87
1347
1757
913
1728
1834
685
1754
453
1492
689
256
1106
1673
1278
1374
196
431
113
316
1224
1351
795
855
507
650
1883
1570
600
200
277
345
1842
262
1043
1979
149
1853
1992
265
219
700
771
1313
666
235
1537
1366
1668
1321
1143
1127
1785
1624
268
915
988
716
1628
749
958
250
1391
356
269
1974
1334
747
556
1561
1008
448
1170
27
1782
302
1405
300
504
326
605
1977
327
913
824
244
1212
1387
519
929
1547
1695
1022
87
32
1761
835
1819
516
1437
919
1848
1931
65
1835
955
990
1187
1003
1929
156
1150
1943
1210
1112
1796
67
1719
1525
410
522
1147
1734
1051
1028
1622
148
1022
1103
1822
1762
1994
826
1828
478
188
1084
933
1933
2008
1085
561
157
567
1280
1161
188
1948
9
1961
41
206
383
12
1278
1847
1950
1489
2027
410
923
331
1874
1122
1805
222
222
886
1228
1609
790
664
761
1249
1740
422
1130
1908
416
379
1244
1880
1126
1193
536
1820
192
242
219
1199
599
1282
1568
613
1718
237
131
1289
1530
216
359
1455
691
1285
429
89
1320
1945
1498
986
647
931
1848
1725
1289
91
661
714
1485
1273
154
1316
1449
1232
634
1036
1739
728
803
1690
788
1474
488
721
1551
1604
871
1839
692
192
753
411
516
101
694
873
507
351
572
213
1055
446
167
8
1674
1878
1610
950
861
283
83
1176
2
237
660
1702
987
963
944
600
686
918
806
1332
1840
1151
1871
342
817
1135
235
1459
975
893
1943
111
1180
738
104
1581
1884
430
4
457
936
599
1062
640
1255
388
161
1708
14
503
622
1857
1885
902
1795
99
573
8
527
1891
1730
1199
1579
1334
424
778
1288
1499
576
1026
837
597
935
1473
1942
1334
853
1863
1974
1293
1439
726
1997
553
702
754
1715
574
1108
862
691
1615
833
176
2045
876
1031
1029
1274
758
1244
448
414
988
1849
1260
107
1173
17
1377
927
1038
546
1688
1692
1736
995
66
1284
852
869
1837
188
95
1917
1454
239
1973
1475
1541
739
2042
480
1799
1084
1804
1683
1264
1087
1455
1687
1173
1760
834
759
1327
9
944
256
58
2001
435
315
624
13
1324
520
389
1196
181
230
1083
568
1128
1189
1706
201
403
609
750
193
2000
1087
1127
1715
444
1671
1700
966
1046
2046
1670
505
1652
602
1446
1207
1950
416
1256
1343
561
62
1589
566
844
409
1652
144
1976
346
2047
736
1418
361
1695
3
401
1637
1970
1114
1291
607
1622
1093
1462
356
234
1934
1360
890
1865
1343
40
1409
277
325
649
1100
1631
2043
67
949
1017
1500
413
1516
1389
326
219
4
1403
1935
2012
1329
1934
1422
1333
763
1909
237
1204
955
290
1420
1483
465
1513
1576
691
1937
1249
667
187
233
910
798
250
1943
501
932
362
1702
963
1082
1798
1457
823
1475
116
1485
1960
143
1442
1662
1642
281
1751
934
604
1593
369
39
1304
1038
953
78
2033
657
67
1019
742
1465
76
1367
1679
1311
846
1958
44
1185
1832
1209
1527
625
366
896
1895
205
1590
896
1158
824
933
1225
117
1582
1675
1659
341
498
1632
322
740
1480
951
1167
839
1055
190
601
1964
1558
1858
816
1380
816
1741
252
379
704
214
96
295
1555
1876
894
1723
919
654
1759
379
77
2
200
295
982
1879
1325
1053
1193
656
1223
10
1354
1194
1589
1556
1886
542
475
732
1186
1238
385
745
1516
1617
1759
118
1109
871
950
1296
1553
604
168
974
669
244
1243
589
139
1494
428
1752
1871
1402
1921
1334
365
1279
89
1416
751
1508
1318
274
1494
1479
363
209
949
1416
538
541
1828
1010
216
892
1140
1599
314
422
1652
346
55
47
286
66
647
1658
1138
1891
1183
1569
490
1197
1607
2040
1710
1712
1493
570
1631
1766
830
838
294
706
1713
1202
1713
1177
1742
1752
501
1132
961
1455
2011
40
844
282
346
1977
32
25
1203
932
659
1391
531
1612
9
742
1411
24
1351
832
741
1976
458
1762
1716
1893
562
73
471
1124
421
1571
1692
1744
1778
2000
1069
1498
840
276
1783
1979
886
207
665
1057
1008
865
594
1427
10
1277
571
709
428
1881
1162
542
1481
396
333
964
620
88
647
1280
1112
34
974
837
1009
441
1677
972
1798
796
349
948
1479
45
1164
1349
155
1508
383
717
1120
1662
236
1542
1740
367
1762
245
993
61
1625
1229
272
696
561
1833
474
390
1981
1236
46
681
1378
1478
1949
393
1979
520
1294
1983
1122
690
676
203
571
1914
1738
1224
1173
713
508
574
553
2044
438
1142
1520
12
1659
183
1388
1436
789
1493
472
1223
1538
1481
1845
1412
522
1410
148
1853
635
318
1818
1786
1026
921
1520
1771
112
2039
541
495
539
1998
31
1092
1970
649
1732
561
716
1219
488
1640
1200
448
1929
1120
125
116
554
214
933
1431
1749
705
1019
1405
111
1837
800
325
721
897
979
350
1639
1560
941
786
990
1486
1480
994
1347
599
960
941
496
1926
1957
955
1997
1318
1941
1777
1736
1732
242
1143
955
1624
731
1951
1559
65
1977
229
273
1662
976
225
1300
1370
236
412
1293
1840
1368
1997
787
1427
1832
679
317
1775
1686
274
519
2009
211
485
883
987
67
34
1960
390
1202
1697
843
340
1366
1093
1104
1375
784
1774
227
1966
192
1424
1732
917
1582
1630
621
134
53
1383
447
263
1738
299
643
1617
557
1324
1931
1356
672
332
1594
73
1645
101
1360
1304
726
1595
1945
1985
927
1931
484
1105
2046
1587
363
1681
1306
1026
502
344
1696
1743
1298
1329
760
2011
1043
1986
24
631
2012
380
1725
530
786
184
1671
354
279
613
496
1831
190
1027
884
1096
415
1029
1337
1486
1236
78
468
145
955
668
237
57
1055
747
401
1058
1613
1743
1819
1517
1022
1379
1144
1153
815
277
696
1627
289
948
1098
1091
893
1585
239
124
1692
881
1820
1521
548
227
1795
43
25
1559
829
1358
633
306
660
2035
1769
992
354
765
1257
184
1349
1209
1411
1205
11
820
1444
456
648
1544
1427
767
1486
1653
182
880
1408
726
1056
1280
1159
1209
1011
1820
1425
383
1887
249
708
986
1502
1112
1507
1496
385
641
1919
2040
1656
791
1159
1270
491
1193
604
825
191
211
1010
503
1025
1921
1901
799
63
326
481
1758
392
289
525
282
575
1810
524
1686
1985
1561
1580
1203
130
1191
813
931
1603
1856
1084
236
539
942
311
1627
647
922
1581
1057
2008
1551
974
1925
1914
1400
1642
380
871
54
1395
1546
1742
127
234
686
458
720
1308
1513
773
1434
1460
1822
1178
1328
1368
1058
1507
1283
644
452
392
1263
1927
1764
1429
1782
1917
1407
1194
1480
785
1285
1885
1487
580
1634
378
1503
620
1292
248
339
1993
1662
1443
1113
1775
1679
1812
162
332
1209
1921
1310
735
1812
1925
1226
1295
652
93
300
834
1603
569
260
1087
869
1057
736
1117
858
303
451
1616
1154
1628
1153
1134
427
588
1221
1137
796
1161
1613
1546
431
806
1301
715
1051
1110
1876
1519
396
390
2041
1924
191
419
241
40
488
1773
1610
1366
912
745
457
360
494
846
1224
1361
1640
260
1145
599
530
1111
1956
1178
1325
37
825
1150
351
155
60
329
1568
1540
1620
1208
1928
13
222
914
599
1968
1347
920
1929
537
1525
144
1840
1485
841
1440
78
272
1461
1642
1052
1837
1228
749
881
1148
639
1331
792
412
1512
1814
415
700
1455
1591
434
1724
1267
868
473
1194
1568
183
893
1438
1267
1871
1943
1265
372
1656
1809
2020
423
211
207
1212
1769
1836
755
2018
1635
997
1315
513
1461
1569
1714
1074
1893
1044
1331
1890
1081
1533
1198
1013
1806
162
372
1242
1860
1650
743
1273
1523
113
602
633
1703
705
1598
716
1977
416
862
811
824
809
156
185
895
1164
848
1193
146
408
617
226
171
1368
628
1019
1951
211
219
1730
80
1051
359
1407
1568
1898
833
775
1508
551
861
1313
321
1238
920
1134
1652
989
1736
97
1791
483
1803
2027
413
1274
836
2010
2000
1277
389
252
233
26
964
764
1159
779
744
677
1693
1555
1747
1105
441
1381
540
1847
21
115
502
760
1254
1471
933
946
721
598
1392
783
1000
1914
1001
1366
641
883
1726
1965
268
133
778
551
1299
1013
69
1005
681
1084
1575
34
1265
1060
1671
567
82
2030
1212
1287
784
1270
1392
1815
1234
391
1630
633
1941
607
1507
487
991
1821
482
751
547
470
710
1458
534
71
441
108
1703
1663
1098
492
126
1363
561
1241
191
1341
1607
1765
592
208
1763
321
527
998
1841
176
1248
556
1331
1466
1236
1210
1659
1329
1496
1831
1001
1613
1205
2022
2007
441
346
694
1679
1998
1238
1816
377
841
1609
636
1683
1840
326
410
37
1330
693
1152
290
1264
133
1804
1519
1146
1402
136
1810
1918
519
580
1483
1624
1252
1301
1235
744
1335
495
1482
651
2034
1158
533
3
785
1145
1224
1065
1347
1828
1566
110
2036
140
335
94
346
390
402
1694
413
1979
1947
591
2040
808
751
514
1053
347
1013
1369
1443
1126
414
680
1260
1429
1690
1924
232
1286
593
1896
144
354
1309
381
1454
998
216
306
1772
1809
434
1408
1777
2013
1152
628
840
166
1678
1795
785
1279
1855
1356
1544
716
1705
71
1010
2005
1693
1775
405
563
1762
1041
675
335
1599
763
952
1532
553
315
1805
52
1089
304
337
670
1393
582
991
125
1681
1303
259
1187
153
828
1630
627
1822
1806
353
541
1103
2003
1579
1413
1215
1845
253
271
1871
166
1006
665
1822
760
1879
652
1704
348
1569
745
1897
1809
1228
199
173
515
1156
50
1304
8
1937
1258
117
198
556
449
727
1485
1583
1822
1529
1982
1558
1845
931
1904
817
1393
1887
1305
1630
300
301
1621
26
1326
424
13
825
887
440
675
1273
599
1654
159
1399
144
9
1961
724
787
1266
2039
797
477
1390
2019
593
357
809
1235
1104
1895
696
1026
355
1566
23
557
1694
236
1072
1752
737
1022
501
270
629
1784
155
239
101
902
506
1866
1719
1461
8
1301
1121
1397
42
507
876
137
1601
1264
1955
435
818
1195
1674
335
709
496
350
467
1798
1276
1383
1714
1595
1697
1350
429
894
1263
1360
1027
1345
239
1357
655
1752
379
1399
1411
1396
1562
1376
356
1729
1372
533
294
1117
1936
529
1185
598
1068
157
252
336
311
331
284
174
2021
1827
1335
1578
1143
1692
1870
1510
472
621
698
1393
1444
1655
773
643
950
696
1170
1726
579
1656
915
1643
1497
1732
1501
894
1106
1563
1090
1983
1868
540
483
329
1982
1174
1750
2003
2008
697
1177
1892
1647
1776
1953
191
1612
1848
1268
799
993
1188
1929
1899
1355
1364
643
1456
344
442
888
52
1623
440
1719
1187
1399
1748
11
502
938
812
615
598
24
1787
563
1136
27
1248
1679
1076
600
148
1688
998
1474
778
1865
486
1415
1793
388
1909
1825
304
1667
1362
1950
940
987
344
101
587
1251
1654
532
424
604
148
343
1018
1375
94
868
438
1332
1848
1414
1883
2041
157
821
1118
449
574
1067
1469
1688
1008
790
1083
1247
1529
856
1
176
2020
276
1638
1779
111
1573
1207
1072
1041
442
353
1931
238
1209
655
477
842
1436
1050
1192
674
1613
228
146
1375
1825
698
943
1665
1765
333
1824
849
1476
740
1145
204
248
293
1686
46
1406
715
1866
1233
709
1016
1639
166
977
732
1498
1200
466
1906
952
111
789
235
1393
31
549
610
1416
939
1684
1703
827
1117
1446
562
86
813
1698
1085
698
871
710
1779
1854
486
865
1675
151
1050
1744
1503
796
1881
194
1052
1952
657
1892
1985
823
37
1555
1459
928
582
528
872
1735
2026
221
1782
1806
1642
797
1562
1580
353
83
18
8
628
1027
627
1350
866
837
1814
137
1342
696
893
1301
1826
350
1944
785
823
100
1023
837
1302
1212
1664
701
1234
355
800
289
1294
971
982
596
1665
788
691
520
998
1794
1272
1079
1117
1484
276
402
1770
786
1889
455
919
414
1972
1216
1534
418
754
1211
1926
567
827
607
807
623
1590
1635
91
1915
1912
1837
446
1083
741
158
1460
1870
1515
1551
1361
730
141
1383
1801
1105
1996
407
237
74
1873
1737
1604
1192
768
852
54
1429
1079
1544
966
1636
1804
1322
184
1855
982
642
1740
1057
1692
301
1663
831
1999
1908
1222
1622
770
837
1863
1670
229
604
383
1784
1136
556
576
851
666
307
1212
1061
562
1851
883
1113
1074
271
89
1255
1648
28
657
593
1922
1997
496
1438
887
732
366
66
456
1865
151
1443
1111
1696
375
1847
159
85
1218
1656
1906
824
1902
1353
321
169
1450
1455
753
994
703
711
534
1159
1210
87
125
177
807
995
1572
1310
78
440
425
449
1514
803
916
1023
2011
442
913
395
1168
1751
1278
1107
1110
1271
1513
1216
2021
1610
20
1055
447
1808
266
1641
1770
952
452
1331
1820
501
1439
148
1464
71
329
26
732
1079
75
1319
39
1948
920
1461
484
1279
478
686
661
739
1248
1037
1372
1126
265
44
1033
443
1029
1759
666
417
177
797
1489
609
748
1893
1000
1236
318
241
1772
706
1322
1868
875
350
2025
1004
1727
573
88
441
1804
527
363
145
1319
1764
739
1536
1643
1905
178
459
522
1775
1598
537
357
1385
674
402
820
1418
343
776
819
882
1205
1686
1036
1980
961
177
1432
1662
739
892
1535
1600
1150
720
1759
1600
663
297
1049
712
225
1731
1908
1591
248
451
512
2038
594
1603
1535
1435
2045
287
1608
1534
1503
1027
1602
1804
380
1374
1989
1296
108
692
1841
1591
718
122
268
577
1621
1058
1770
1970
574
317
772
1439
207
947
656
1161
731
1371
975
910
180
1974
591
1091
1942
2008
616
938
1003
997
1114
679
1814
556
1312
477
272
555
1832
798
104
632
1565
647
170
1024
580
460
168
1774
1769
507
1408
383
13
519
132
1445
1673
530
545
647
1526
502
444
226
564
701
875
1641
665
987
642
1079
397
1848
1156
1639
293
560
121
1933
170
805
1612
1092
813
114
106
518
1313
69
686
240
635
1573
1139
1108
668
730
1379
1986
601
1852
1808
131
915
1181
1686
404
1404
352
1990
590
245
669
764
1564
118
1666
1526
1145
1519
895
605
1582
1926
1199
491
557
1305
765
183
63
419
1780
1503
398
933
1601
570
361
1445
1198
648
1659
2047
1231
1312
246
116
1332
912
205
945
500
1375
91
56
1526
1071
493
939
107
662
1845
1141
1955
274
1229
1461
1482
820
965
672
38
646
863
1166
1467
391
164
210
1136
150
1728
1020
1185
961
1961
564
430
1974
1761
1582
1403
334
1181
1920
1002
726
1755
292
1440
1618
1447
699
721
1679
150
451
1183
931
80
1110
1068
700
942
499
1371
551
1336
593
617
1696
1942
221
1066
827
202
1092
639
1728
494
557
1368
240
700
1608
1516
1824
1000
700
1952
1508
920
888
1394
1179
1372
1442
1797
1914
229
809
1298
1078
1552
1516
360
39
41
7
215
1645
385
1025
354
1410
1314
1931
282
616
1311
668
1164
451
621
800
122
955
818
1772
794
406
603
334
580
1237
851
2038
1677
1993
17
1266
1362
1571
100
11
1273
1158
278
1074
1850
1025
1083
1461
1797
903
47
700
687
872
1897
450
1591
223
1019
1387
900
1930
1129
332
1749
780
1861
176
1793
1538
1824
295
195
370
699
1899
541
273
1500
351
1993
127
450
1972
1084
8
1651
1340
1820
2043
2030
407
1028
1553
1185
814
83
660
667
1152
44
285
864
1151
1983
407
1132
1004
1023
74
575
1490
1256
609
1396
67
1851
1961
1507
649
1834
1879
637
1816
378
436
1835
1101
1921
367
915
234
565
156
672
175
109
1724
1677
304
881
1495
180
2034
1691
779
1615
540
266
1366
556
1408
1709
1629
1313
894
970
1043
642
1432
200
96
761
4
43
1908
1778
870
1459
1046
451
1492
1040
1213
56
1032
2027
917
1921
595
914
1639
1877
1734
363
1184
1206
2024
515
1524
342
835
1800
475
596
96
1291
402
341
1695
1273
1371
1143
1177
996
1363
1978
118
1951
26
1786
1205
1687
994
14
36
1818
1326
1091
1682
694
1689
1027
675
1000
583
28
300
1459
1952
1634
1086
1003
1851
220
1309
1157
725
1904
686
1251
527
1574
1960
314
52
441
797
922
652
1360
1743
1670
343
1482
977
1630
496
341
1732
836
1266
1838
1705
1720
996
1838
212
247
949
1290
1767
592
279
353
265
1246
796
1227
1965
793
1804
1293
898
2027
782
1536
2013
159
783
1697
748
988
1215
524
1714
66
786
200
1476
681
1686
418
1387
1018
946
1664
1986
59
118
1253
637
584
1421
984
163
565
435
419
355
1942
1829
355
1139
1663
1718
2026
338
1528
881
350
1493
969
1572
1027
646
24
1529
179
458
921
770
1485
1068
900
423
1194
24
58
103
955
1784
1906
707
28
752
1894
1292
1016
97
698
905
733
250
968
411
1182
394
1294
1556
1752
496
129
695
794
1093
1997
604
1442
1530
1070
230
1784
783
974
122
930
185
266
401
1616
414
1398
173
566
754
1504
452
1997
1378
355
514
1591
1076
1678
946
1345
172
1813
291
64
847
673
112
1778
658
1631
539
174
1035
1723
1194
1309
1473
228
81
1435
1895
1538
1966
1592
146
1188
1842
1607
