637
5047396
26439336
5359003
36055580
19134449
13804231
65600094
15877491
44574873
56685357
11340581
52244255
20664546
53176169
59321902
63997223
49794895
23185428
16494578
32938469
50640244
59426601
32041857
13638176
65357320
20951136
66192204
64580324
64223068
10388964
16786630
42407095
27373412
19053169
49612203
522240
41519521
44178564
26991006
20390490
2426333
39793417
36743673
57449906
58236602
21938907
56812148
12316771
31530692
15136009
41819355
56397717
6371424
49522934
34246513
18373206
36553967
53175586
44014479
13344423
24685310
40486214
7637967
21787829
11559875
55388479
17746747
54629030
60365786
61737602
22163448
39162365
28892611
62479072
4744481
44623148
25478076
3470250
13946966
28484114
54564706
16664469
58515318
59529148
7744921
48077463
40918132
28181697
17302830
56287411
26628403
23146163
44683066
11540469
47753373
63659881
14560925
35948560
31375416
46558008
671885
39998369
54875194
53309063
59494569
64485082
17810724
24522527
61234533
11755567
24319898
65431774
11486907
26528314
37780544
42914226
27901917
17538357
633722
58343211
21107480
5091260
5498159
62703416
26530917
50505110
46240640
8277030
15396611
13613821
24226730
60781190
56609373
54682638
65941491
28538698
14660050
36042672
60167672
14751837
51415362
19232414
65430057
12449936
66648072
50077483
44756657
10409885
27032434
8009246
40571837
58835353
43344543
9650223
24581813
44245240
37075013
37941165
27612705
1448672
39896022
35363512
43997022
8460658
27228091
30362837
67044173
10063873
63580871
31874031
34833876
729489
62862352
30398180
32193568
5042494
66150800
63051797
28733918
50904045
30972781
22913837
39357472
6482058
4811043
48050499
44111883
66787742
30786906
19906177
44052794
3463121
48520076
55039924
30731333
49713193
40736831
49721434
28045632
12833139
42921769
36988946
48638236
41129527
23040583
21759732
18830834
55683199
62155247
55197230
45868066
27504567
49128270
56434618
28509904
31567987
31748695
34292480
46169564
45484547
37714671
23502714
66761380
21209849
25036967
26876934
30955450
10575069
50968725
23880557
36994541
43497392
54544738
3680460
15217984
22671338
2505579
53233976
549854
8115739
66539735
35767733
7059207
20785094
51128275
27752268
9126780
5686287
55773714
41267740
19697234
6838998
21777658
58651618
49489162
40260781
2355080
52645294
15014
65709747
60006701
64368191
28497594
16966290
28451744
16142028
20578804
11287823
35145704
12630317
50448356
54835359
56535442
44123394
39647137
36684907
33956184
19369230
31518421
34398917
53659735
64548070
4104570
7564233
20021017
6514386
14671020
40816550
39952763
35798908
58540816
16089270
18720188
49391244
24411820
44168859
49495078
16653394
7425342
22320875
33539542
1389489
25555607
44126650
7714663
28053408
26384525
57235462
50418137
14259880
30137578
6870966
13143992
13455292
9358615
23586706
20249277
22155975
8252062
30997048
30866993
61094598
42843608
47187325
52726337
17176958
55395921
59170848
54875922
18495593
7005603
9350163
23890252
12759369
60900636
35990202
22063895
17269161
24600607
38319022
58268973
31747925
47325964
19544766
44584819
8717362
6951619
12340224
1107647
63464440
57102533
2885951
37776196
8716994
19489112
56028906
28332747
36640667
25138135
39484654
48809216
32271457
10569129
61956659
14528684
37466830
25075443
51098490
47172822
6689733
24983068
30120975
3082109
6634842
33788918
7996226
5345059
43410983
39110167
12370108
42868431
47666891
1426936
26649008
41437495
11499360
37937490
64135484
15495900
22074304
35866642
18903502
37046459
47213045
23477312
59241286
64161088
58187506
39006530
31751061
18433115
14185382
441320
53317507
7057429
36889777
48497207
27744298
56068751
51420423
9746438
28607322
41754622
60524864
19188689
9320521
33433305
52546251
42308246
1887008
53672486
62145521
52194702
60004856
66019179
37003251
66537882
30213579
61860712
20836184
49595510
51506224
26589452
43653456
1324581
38974346
37748513
50358619
31112615
22633390
16970404
24685604
59106094
28147102
50097125
65984633
64328162
56619007
27543555
40218025
61438727
64982796
61232738
38344131
51143643
23708479
26156106
12915870
56586048
57825075
3948304
9730966
1011748
41338424
43586599
33462871
50052727
43325275
21431534
21507273
9415545
23206613
27296750
63090537
17129792
6569652
11253086
46850458
34784487
46300922
40367392
41673278
20905453
41126528
35307514
17931870
18975506
41326141
57710528
31652540
50263105
9193396
8591011
33465519
35313774
19395477
25744103
50953323
28417286
51247729
7856778
375877
49259753
61013527
50440640
41791424
65209002
41014099
57234204
300858
30016393
27748296
1522979
13885902
55615016
22923523
11072994
55271144
37225300
22417369
30686903
23505501
13828885
46221636
61811535
49588555
54447054
14298670
60802584
7127273
54008632
45111114
52502815
30748046
44132153
348005
44545966
4541445
33542429
53599944
50582939
43137046
45619881
65896954
63546516
59730576
10526676
39898759
58162320
7070822
53867303
8672753
62990436
39919238
28678698
50049070
40684395
9107379
1717977
19116005
18074139
46659559
44053631
54593211
32878162
32951483
44760746
41596984
65911050
54850067
14815933
63638427
22049618
36856789
23890363
52640442
36061665
50143717
2503515
27478840
45094710
20907611
33053375
7326505
6107368
65994309
17226647
42747114
26781932
17429135
64520875
56018811
20980967
37930419
66665681
36548672
59640960
42375078
7116124
4193947
29880353
64082967
40292101
32907767
65039244
43551500
57323028
57789267
59915093
36319825
48856522
41657867
56501838
61060674
29126602
47043814
64105569
66817375
218601
58044215
45736010
11647942
32482158
56272104
38483690
26367697
43018792
45434720
13401680
20287259
53106646
57760892
41099502
39171696
54165394
60851266
35354977
