6744
7834978
26339835
50928420
7960066
7730009
34902613
48532547
28872259
16235551
17073339
22486664
4492730
41217746
58523662
52074679
22344040
16384271
12098010
966121
62061034
4262009
51507397
5651056
17327188
27361132
1472371
16835717
13295535
45676060
7743083
19362149
25791080
13012930
7356390
24367138
33001860
22700300
38553720
1085425
36837290
57359385
45594148
11861055
64953890
13523501
44609025
49680188
52365013
52465979
63025496
45337066
6772636
37814503
17658158
41668860
33948030
4988281
46137433
2785896
20822030
44940253
42419617
44069996
54487106
29210286
29577134
32005083
43883743
58722076
3607983
2842970
15170149
63925299
48593377
49187384
37493663
42606817
33793402
304497
67085081
35520315
51495256
46131538
12277261
765460
56203842
35007972
64870420
62045070
20825301
48071383
22604009
37655055
61253358
49798292
52639524
42777198
14887486
50159984
49175934
40915311
36637082
19890600
26374613
53345186
43795762
16960710
46361486
25969046
50396393
16449736
19573717
8705407
64066264
7436127
48913254
52927199
6608168
52768986
11089604
58954364
17194223
43002002
11397981
23070861
56050476
57396150
63280722
41412032
18554237
51591642
13591443
38992127
826095
30456737
42055283
11574426
13909847
48674070
64568545
11816472
40717435
10389853
14958897
16099727
36128798
30666833
43726150
65555411
11138319
4875357
25578187
61679287
22086027
51472252
53840750
1240362
60782320
49231330
54319355
52568566
51259974
13343627
30460888
5721336
62803570
26353999
15855990
44823600
6850077
43049184
40903449
15164551
53929727
54022415
44325828
4631652
61109396
65172742
32133075
18729300
65607669
59309635
2578717
10300629
49179752
13906415
44829914
40584320
36001461
22608949
62373595
4439137
1353880
21438021
7063450
61334563
20380091
56498668
19629077
31278253
21585223
47447373
3147454
15220707
66329439
16325099
39895756
53017583
29428231
49818924
19493648
17205209
49683406
52283464
33897264
35583601
31277742
11035315
10375496
43709664
10986911
1771118
65188206
19204598
24946164
29731300
49847690
26664463
58480051
15726216
42568353
40253237
27995944
61514739
60485060
20189800
50512592
35844292
14720251
39797648
4114979
47136144
51130637
31691924
21138218
45999141
20501778
8269148
19732981
38315673
5599964
64820860
1692878
7821027
50525496
65695433
18413029
44553912
4861488
52794692
53106462
3725376
22592808
11161862
41156877
66814743
29069185
48073370
45645662
47934112
62153886
7616371
20777473
27448910
17356783
48682362
18883161
17578099
16763371
64836959
9062983
61242273
26123879
48151112
2474139
64821762
5788629
16032032
34715861
63644944
658490
21306879
65954140
58699753
44880463
51034156
19195604
30544691
32345599
65780346
61954950
56248256
14072271
24235380
65664533
18150470
19747741
49032643
62421166
4783977
64353193
23800775
5186500
51755221
15407812
59929962
42068689
12366976
23617988
24797131
47960074
12607033
21017907
10048124
26321764
53809598
9384267
54455725
39597423
64476639
23425735
63873987
34714792
13433332
27269146
43462903
10744219
5195684
1204095
5074686
18188458
12115231
42246283
58392148
2583959
45424715
42583370
34345085
66315854
26670894
48635474
65396048
5910310
8171464
27185083
9968921
17432024
17225271
32242271
45196015
27704193
42608875
39724026
36229616
63768520
4989914
32484812
53025019
5120786
4391448
51846671
17507699
4547383
34159707
62914760
284616
38458361
52292100
47218935
62690283
65572419
61732359
38192392
35720304
49599572
6153486
56550991
6641717
55049323
32713796
12608933
9573578
64706090
23402015
32336610
58944825
28294138
7459299
10344125
27073064
27122224
44193750
19508271
32113237
53847809
41691439
56723604
40959215
4174956
47192223
52590240
36941294
24028748
12817878
36091952
30245275
29105864
49922374
1156877
57579286
7589626
52427845
58114096
47494141
26400012
38159632
4061699
27084356
28503579
9527459
62460271
21154213
52375496
30985340
28695852
6625050
52426617
20588388
48549564
53977671
93712
25514334
41862300
62864439
62847767
19038741
53693204
18878286
60058642
52799553
43132377
53021255
3245137
32848856
17292372
29708739
11827105
18832269
51996986
14932251
23498055
60330929
45788212
59242556
19927954
49313302
29616197
14601601
46641291
1961186
37735228
48192676
23934145
5486539
16906197
11437623
31479017
20669914
32718089
17785211
43692562
64233834
31926974
1830117
29094617
36051571
15432563
11758325
36255470
21385988
7883960
37276822
27121851
7713138
41066666
29416292
12711871
41358030
66550958
1266948
5769014
52701123
52734331
19422067
24650279
16410213
8598276
19144061
40494302
584228
12271312
40834300
54890426
12643369
64710136
55726322
9848974
41218387
42873281
43373114
58075579
31057058
434284
16006878
22453453
66577282
36728630
43290710
40666130
45089710
11847166
1576350
42720671
22665931
54521168
4925397
14761778
38975631
33174465
17154229
57800046
11996014
9776135
30173585
5462284
63742620
19713227
26009121
23821681
5318133
47494546
28056450
60190204
5981539
54992654
57799771
37003457
18144452
7524506
35671536
64284683
39655989
44606398
66183848
64355727
12407248
54062161
48264097
10222710
60355848
53329056
4482252
14675000
62502213
6722462
43725598
14098563
44830519
65473616
60310652
57751506
5144191
38993283
6442289
66853523
32241733
52121662
64611973
50504343
7324772
32160591
59142440
13219416
57455997
19268741
66320834
54142343
4836958
54515795
57376812
66936706
39901986
343942
40504222
65052164
66506837
1798923
31350308
54724254
43447146
8319210
17737656
52714373
57517814
41134425
25576078
39970345
48422331
23168815
50127366
42479729
59106569
13422002
40890803
50441051
17120262
18829941
56633451
10145235
59772370
38301471
50602584
52096349
64416046
3019184
44101636
21703890
25798159
51287436
60912594
52514015
32681691
45231476
42436975
27111432
39234052
63777883
14018750
13213720
1996266
51392807
6138760
10197931
974544
27048235
63729037
14190059
39071552
52407530
26965634
36116202
45314144
33245630
2060938
33149658
60822584
55874021
30693966
10688561
64304905
34797603
7464370
19355779
41209908
7547334
13057394
148028
6306826
19961988
9365321
37790686
56749968
42192426
37612184
48627335
54013127
51929608
35168129
16591311
24465775
37930850
6580547
43861576
44940183
41885582
60177538
20325134
22418972
36750173
24427119
13099603
20872030
63486898
47849456
40715041
38647094
59395523
38150490
5025423
65268555
55181970
20045896
13850750
38469112
61977383
9489286
4270977
44080020
24297414
14787553
48045639
5791752
30695196
57665679
62895248
21654652
20564766
56216538
20664408
33276200
56084129
16195815
64420486
55983337
35687812
22678184
6902073
44194088
4627615
16403564
15534941
47407766
23716387
13081403
8229854
64590490
9630709
13892190
26175585
8438555
24133599
23328186
47218312
54723310
16122971
35326810
44273490
54424855
47660676
20050418
20025974
44809574
38423792
24033953
20603964
16282437
20053026
25506846
58586476
25787128
40820842
60476010
52958595
10790172
11771027
52591792
65721447
26444611
39797803
49232325
24727350
23202382
66568899
61312823
10876600
23831097
37320590
49605163
43098673
31489807
7956981
29533436
58380818
18748384
31540127
8910974
58962440
8173917
14344584
54595198
8423062
15539403
41023977
34710005
21142553
22255008
37184991
39006002
54113822
44317923
7719396
669746
66273720
27035907
11670595
41838226
19376857
25910356
37778370
20601025
65511302
31272150
15967321
49001744
51346519
13109477
7626531
66286936
28993197
55397904
54321148
25826984
27770041
35871736
65992418
8502435
25052007
23862192
13407583
16424635
34682855
24746426
66999529
35177049
64385670
5868253
20852960
53757101
34119953
17243823
3796257
11637554
6637026
11529322
60467826
32304091
100526
41029730
47072177
23509396
54790816
30396498
9950632
35176199
10448388
1076427
54534606
66552245
10520640
42641076
57867922
47568236
64808594
62779250
53250375
13741713
44164969
17683083
33280082
53635380
47535319
34031380
46472282
13430632
59515989
63303315
27121682
55337486
10240753
30467938
566601
28828152
4789838
27196384
54750394
43243616
22723229
26222950
26526921
62900525
20688892
7914249
47109286
63478349
48025937
28790033
46887425
22983556
64439325
41789459
6235691
45507098
62835884
8035377
26145588
9969251
63431899
7031963
1402396
8986223
14010301
1494019
43231906
12677811
43158958
45485203
3314126
59375846
28582240
25372479
30093669
64409373
8968524
36375060
46086893
5681140
32340197
60164189
35761972
20848365
33916879
21100291
35995187
39011837
2637782
53232264
46126157
1241441
47886384
62295926
12988946
2275748
46688874
65870024
20524495
65019240
1635966
21466426
60639464
33613263
61758701
3116570
46837810
16429997
12390284
60701514
20945373
36968674
51473352
7404775
31945006
3331843
4406766
30609526
2217596
59262857
36069312
24231285
61370903
48211338
13581064
29978632
54958766
53104147
9068074
57737980
37460865
29217581
46000257
9695874
10566382
32189020
24740824
22752329
49279402
11942270
16166996
24062321
20022312
32997313
3054107
43407422
17102021
36462543
7532283
30533410
59443580
65263729
17070170
45750910
58729904
65978254
19184982
21630842
19180912
49375366
33921779
44141760
52770348
52428937
3227021
62909569
35033471
31555791
46664605
23541049
6641170
42463254
27006138
48752957
42015882
10255212
59144798
54946781
25594597
43738464
22059916
24269718
35621843
48344519
11055556
4746394
58942413
12894359
18834166
57205925
14338749
24929153
38535117
1554599
49646383
48978247
14308068
26329869
28650668
63471352
32773650
47624055
61151500
31464968
44092997
47429001
16594667
47285625
30463483
58709649
8016930
24893940
26433132
45662373
25497504
5313098
25043399
55849097
44837870
30159487
8180979
55233714
17233859
65772449
40855035
31250303
53343243
51981188
47461155
52166909
56724028
16892579
61810521
10754210
16993068
53880134
61941575
66074926
61432303
18793198
6188156
5145622
29890567
14931909
17486612
11825629
59332957
64736384
16026845
17402697
32978967
44074130
39269033
44511575
15710883
63617524
10325039
21863761
36151326
40297474
24540895
57390988
23194635
12975130
32540284
34445698
60676254
61713059
3891962
51461207
10376972
57243959
61853446
50605766
27834764
11258349
9035967
20408842
64174801
59008091
65070476
6855587
46085113
13336708
63775070
2059491
30161181
53507697
34503567
61661589
36434664
43427525
7467138
30933369
4226478
37183495
24769112
33209524
23264548
40863256
2831472
6743919
32597511
30917216
4571795
15146548
1077965
37874360
2700867
60993270
52735424
13012502
22307189
11816097
35467648
30374185
54114385
66239711
52030242
24664256
14969822
20785137
47299883
59777194
42779596
41118681
4358893
13594662
41295092
42419100
46952469
46219658
38891095
54937849
46815933
3948199
1206684
25168319
57642750
63100595
37475699
47642344
14429512
28913824
5759663
44037737
53104463
52848057
65818369
18020645
61378502
24495183
12194130
14392915
31437234
2888157
16054259
50428900
37557721
47416638
21368322
22094438
6194201
23068317
30444176
4486989
45669889
46290529
33609889
24020358
41168855
43624733
43414347
40880122
21287197
63025958
25969697
55421092
58987043
23900322
24894282
34067594
23742478
6672972
46369532
61484215
51215048
30285247
8327833
42441540
19566813
3728130
18425979
45355053
2776168
56844458
55316192
28016805
14733525
3913257
23259430
43065897
6746161
13771760
38409614
11251664
60295958
5758020
8536829
36390820
23390241
3892722
25105247
63751738
47019252
57188585
37578835
9978126
56694381
55031819
44200522
63801015
54913463
29190823
60615881
62412571
24635307
10958166
59476782
51588406
61201826
3605778
52760896
48004570
47143699
63651286
52277283
58847517
13255180
18030281
40591718
11770846
20285496
15562636
12128718
16500317
22046411
60899526
17571408
66308875
45853310
44733368
10537670
22240838
24447583
61656001
19155819
65228485
18683498
7800639
38014184
25287637
7561784
58382037
26875832
37150648
46646229
17335661
30076363
65612457
31997007
40185411
56783596
14973043
42577150
4554457
57948620
52627922
49192872
27981139
41698868
21455790
31212664
27175222
30729210
31263610
64273093
45636342
6525718
49991946
8341051
42762071
7198747
7027978
18104718
64995036
36886452
2298555
32838351
4939364
617934
57476109
16842778
51100479
17475685
20968784
39741281
6897070
57185797
4349550
19489401
56678338
21211368
50510774
3548136
17825871
1479608
5940858
37434496
40084441
40313386
54298968
16311483
54516061
54059658
26893078
60569652
63333883
49126608
8463940
13682776
25400059
42875811
24809941
10773187
53719371
29151994
25958923
12970548
8004704
17082626
31871708
44871172
24168345
34934758
34438057
49036695
47823729
29661269
9659895
60081830
8341931
64730789
3878310
42806140
3741562
66090496
9836611
59942922
47126914
39291537
30119593
28676988
22776300
9811258
21164620
29149228
1078402
33845056
43890572
61446324
16357528
8684320
62603992
7282729
6344783
14252261
26643793
33951852
20382024
50449412
28334590
54016238
12831127
37810736
25880352
21960555
36576340
58401644
15421208
39154227
8741190
37091673
20307131
58802005
62185404
29748359
37015034
14422976
33411822
41027777
50705749
10722605
21167485
18619487
32786970
44722693
13112136
9694827
58312680
9998905
2452458
4953694
62284418
56706035
5739115
8855000
17999013
20092153
51835448
14750253
37501147
37590576
57723939
51048836
44736917
21570903
33149652
26822937
11702695
12422183
12783386
22887665
37176647
8465442
54043517
21209096
58664689
61881967
29300234
31461598
7040553
17888709
5324685
56518778
14056504
11999776
17719095
27661686
11953373
33615090
40713422
7714956
46770592
32257404
31884411
17473372
27815845
10248547
4977872
59676455
66046697
60643839
48164119
47094366
8935837
42696234
24665916
32018628
26108724
66732964
55242753
59383115
63461
49019008
5607422
33771202
10198894
11681801
52073184
44092731
1685584
27019947
17832658
37913518
25612503
34502386
2583389
59647974
52907476
64554208
61350382
40438672
10145736
29494267
33253930
35555087
2559735
20175441
55121559
54597335
52132507
3882819
65960855
49239310
4931397
40011272
26910858
27966618
20183187
22566979
27570832
20755634
59231445
41761768
34787202
39483088
48404681
7376911
56352204
10786755
11790232
11036095
5501121
43957410
43702611
14613971
37602821
23892790
2153590
12361200
50657730
39310805
40449201
14765101
9638826
16438095
45662280
18801199
15036163
10446760
34783287
36638791
60457306
50077813
22274175
46766159
58026274
12789509
47793322
59005467
48555609
8177903
22536371
9607103
65985068
16860676
29203274
66289873
14246369
37877382
7606558
31314608
51800035
28732691
8821670
1458889
18890823
10125003
27443703
26286417
31326677
44181039
48010834
45361275
27434898
23484248
51056311
15269955
56918728
44566097
40557496
14192880
2596757
58851513
14353534
55712197
6886527
10930566
45835160
31579980
41336209
54407107
47097719
21346907
14543618
58218214
57934087
26705819
49308492
18726235
20430939
64947674
65749171
26312454
22564614
43268632
32216941
20567082
9854823
7893050
35471489
52261828
38553339
18700328
7263810
33566814
43498732
61452211
53107414
51112534
947111
18697878
4461988
46130576
40982503
32998433
43553338
462281
14863478
6890884
29338723
66834542
42836531
32745136
31851729
43198558
61622304
65549288
4717825
45961116
6236236
50270583
36445929
36898170
62426077
11354101
51495907
5081169
65931517
10864483
1548845
21515670
66771161
22289291
32815452
20550247
56246540
14112283
1768584
43071976
13142279
36021547
49015661
40290897
30628720
8989549
49522214
41508534
2786369
33536353
3044901
50376180
42542375
25459246
25889477
47328778
64155359
32453884
38873812
65199175
48869266
1567135
17215419
12791624
37634904
25771392
43971841
22645121
5578001
8379486
45877658
3352410
65983364
60589489
63449772
25029340
9312396
48870700
31232965
55354263
53670864
2972347
2396100
3560958
35192016
31217073
45592784
30218011
14213005
20048897
56378591
50538191
34421108
44818377
25531659
22785227
20326222
60965241
28648110
18586466
28042830
2718893
16450806
55472008
31159651
22069489
43293921
8037880
66689283
40407986
22087080
36044200
59327125
8921497
59743160
1687595
23763107
36281874
33790372
48190966
20423556
37920997
53343512
28403333
35512381
53922997
54556143
1173387
53009844
62438790
8937570
42022125
60163924
42930433
40526902
38779868
15567374
31850793
53160936
17810836
19634591
37121077
61362067
9157572
12907430
9164002
29211382
52917561
54847183
42120321
77813
24873908
21621006
48721833
14196142
43854153
58207361
10293403
8835703
45102522
43692980
26352824
12181832
40219384
29513931
57264832
34197707
11198417
25751488
56289440
45119859
7484309
49024611
51010609
21069500
30428797
35925902
60967281
1877218
64972272
46926469
59183124
53779371
11176736
45843871
5651379
34638942
4062269
57590630
1032203
48154539
31622600
19846200
63186034
66937952
51539984
55221267
44765644
1748234
21863842
6791222
12453632
37100508
30229882
25117880
60044953
9459416
35111383
49751887
38428482
26927262
58008699
51713721
20966598
61799918
1312823
39815700
65849464
52595110
36567714
5791275
36488635
27451123
42834443
35565020
12528564
37713360
4112866
25746415
25612892
12391743
67082512
19287576
50730328
59660067
35545082
65687352
38204555
11801023
18028748
44989362
8420953
40268255
66538898
26112135
1875709
21107719
37143490
10957759
295713
62947522
22358138
14921289
44657505
57749481
47148190
46537194
66050964
50822022
36367681
22785450
46028384
2770508
31349381
30146332
51424436
50059704
36356422
65781146
66978873
48541708
14324051
65235998
31348070
55972052
12593099
50634276
44372722
3425409
2864630
63631331
65628056
46131972
63214116
18088692
6993206
50747210
3548392
36528926
2401947
60905519
29800069
61357126
1262523
18429282
15735973
58360719
8351996
56917508
31421016
58400952
8850689
22930949
61702095
1852778
52202569
50466341
39528049
60507211
37540640
41556741
59193944
38926462
58721465
50623815
39593105
18859341
26329200
52450188
3348730
15690056
22212575
51742004
36251781
24056492
40988280
59560053
21546761
62278372
52744899
1942412
61590155
11813821
43461338
10503156
23134547
9565549
19221708
15252121
7910284
15577127
6402783
14020766
16042247
29306566
39521096
14625526
21386858
29799287
28454358
51869711
36292175
52110462
34846661
65558746
9546798
47488168
6595201
27521297
14481825
37434189
10820559
44022539
47132303
32562483
52015716
3080481
17624896
42730201
46825225
52928884
50520515
36530358
42682937
48834881
17293543
9549897
51117549
2421516
60721416
59023126
49390295
50478009
31614123
8377412
65983645
38600992
44202449
66482229
24559773
10929434
50401961
2901387
19662456
46996917
41596814
47101377
1005714
49103856
29576821
15634142
25025726
24341371
64342829
58298962
59373812
40525785
28956377
18892874
6161664
9634371
30777694
31093728
53069302
11039451
30876809
31922677
38544375
11651466
23979319
17435868
48851510
61213854
49460515
36592989
27666810
56004136
56124946
41193151
65365104
48171012
16316355
21737245
2635468
3392122
38411925
39882127
64591507
25640688
50825453
41609383
52125703
40914233
60758686
66242913
64924936
41232195
23721043
7631875
30821507
6343408
44824748
8261257
26884800
10677278
45185281
12822381
14281878
48695636
11481970
5406641
40815864
17417615
29475221
44723401
57045166
40710950
61010250
30646698
53270496
48264892
18456844
49955166
25881727
10285353
28170848
44771901
29400966
62936302
64579014
59648347
46454490
4637970
62174529
39408665
48487447
50936484
21772292
34221578
23419284
41034544
33342188
9967158
6300434
54712961
17984963
47345234
54815599
10233554
43108766
24343042
12599622
51630668
45735192
64825163
30395226
22269348
31083200
51917202
44717718
28381128
3616581
4299828
19948340
12557561
17676474
16174279
6217236
3683942
3749885
7585727
50789034
38555899
43267984
30016383
56285202
6204726
64045505
37121676
38167878
25308993
27935452
53322407
20777434
21616868
11957912
58539783
38078717
4314202
65269585
20884945
48720
63506497
24332681
55712105
26121722
34379873
44047909
53621225
17591422
20666681
10699048
31797004
1066183
6410206
8992539
61011658
54425084
1260978
11585296
22867194
29518097
28848026
35238539
55605838
36286400
32180081
55585820
15151836
9466249
1445852
20295936
16761233
20752057
48906439
12226063
37469212
9804790
51874982
44180974
13443260
24191908
28374923
18045958
32751884
30454980
51431758
24867196
61884504
8926048
41121761
40872942
42337743
860441
57220453
47488907
21951037
24450750
30647950
42966022
59219144
66199292
19282856
27508202
2406066
24321056
59498789
65926914
13161384
31313617
3999818
33072183
64555653
51736399
45708740
66097109
44265584
20874642
8257724
18306472
65167866
44967383
59980937
525633
44208066
14926102
25152286
23098071
23493489
1845486
36852389
21360203
55468334
29222703
12047825
53693779
12551035
24926397
46541234
62070461
64624358
21935929
65823071
33080217
12689553
37196046
51787203
19820080
42388440
31699081
14910802
13227876
8053164
47901891
57381294
28390409
3028966
62314861
53257780
3661568
66551903
13084599
9046438
37080903
40142768
17092257
2587923
18762453
26333352
28526006
24814247
11144081
3009349
59195904
19149291
59824041
60542998
48851452
62070177
14169395
52031695
37562476
6087089
3081076
7045959
8943890
53533049
12752315
48983120
64099852
43234332
3859216
45966763
55017857
15325185
23883916
11291426
13686956
45329143
24386238
65209052
57386203
1135879
65804398
41071026
1275936
4287673
39279755
21501561
50696662
58639027
16586765
5398784
43920533
21625494
20175390
10278302
2760378
28791059
10813033
36325546
35303624
24959290
10716304
35153820
16007241
51777683
66975360
30701764
18458236
19573799
58494299
12750442
62633906
16020135
38111695
64941750
16017306
17693161
3245829
37407837
19896203
3380978
57287601
15123361
51108337
57017242
41280296
55955377
56747945
10152624
3752282
60833387
6760782
54626932
5002365
55579047
24301774
41685198
30506516
62351762
59546449
35500113
27326747
45567408
36978732
10808838
62195083
4751563
12758686
18592973
51674916
64652252
10744360
60756734
57962659
11223182
10745879
47191020
25012216
10151419
48203547
37575758
15225096
4908281
58822210
33952657
64887987
42008981
18790594
43899441
21949509
61590442
907976
33871241
24222327
25737458
44931172
2955386
29702297
59500254
16236609
5053503
11784259
23834565
3069963
15975139
59285223
46479200
10715601
2833928
32876888
11473022
26378038
52083453
56385554
54724076
65862082
11736953
66273300
26926682
36024612
15905308
38151215
66890404
55045765
54307419
60959055
8312600
13465475
13486542
32850586
44984497
52119984
37025720
6151739
40692942
27241586
42560534
66520463
55130640
47656090
35082588
1934960
44556489
47999834
15473456
46754282
11545293
42762987
54847239
7552070
25947957
32995975
23058886
46428753
52950010
11569591
37155674
25340159
15870214
35259906
20455512
17428862
64585839
11534126
54386384
23489564
33398640
43384351
20661007
22949065
5004517
64436526
54973316
45987010
63709505
3919902
54127792
28083857
46256769
8306044
59487861
38607060
62986889
51130702
58564679
19432202
4404109
47505778
56054127
32413084
36064585
14152228
29245434
62283565
21077780
51388169
16200925
47311883
40052688
4200790
27458413
36201430
61671273
54985034
4618362
40025166
6213701
45235930
39640383
41957298
46873244
44600074
4405462
1807489
19132026
51247227
41216469
28232451
43005092
19457823
18959981
42129437
56307018
46543585
14837739
23902558
13978872
64524488
41256574
4602441
42720950
27274985
53475517
29482393
2865395
39860600
36936686
55196047
26485592
50764833
49826754
59388693
28314942
54227372
29667432
15494471
19676975
24248353
51287039
49445970
65803807
45180091
8036235
48146874
9210417
42858162
60665190
56707955
1823129
66483108
11339243
5333936
9688226
31728229
8802471
30099393
32480598
7303990
20892539
44421095
23513235
49765245
56811096
19651286
24750138
49488131
49077484
23592758
61530945
41950908
22988407
14590951
31854719
5184292
28729217
37738882
13757368
42784613
15475539
7539464
59599085
61922815
12818994
3641870
54751297
51247238
65871360
12217830
16311720
27013084
30742656
6921495
30081401
1540708
51588823
8603060
3288979
45279552
51141174
28638370
35839546
32989830
1968483
13267861
65162550
33225325
5498844
51511855
29792665
17955457
38468636
35226355
47957503
37934177
36792701
10645139
28537661
9529436
30089847
20943974
2135771
35810913
26224913
27245903
63422180
4386759
53025053
47619525
4518664
53688483
45401162
29631303
35339562
48385092
53993451
34275592
56544822
30180992
30485820
61452658
49980119
45101910
31319129
51451392
36100043
3179949
51345460
48493820
3545925
55913741
54272901
29150039
25127103
45702303
29989872
27603133
28334554
17758273
16267510
7166741
15827022
33686300
17095200
11739939
23007011
12250133
7792213
24361220
41028530
55485862
14667744
35604995
17339998
659634
63309242
52349082
14580938
51957718
9281840
56061589
48853299
36038090
44152432
8333513
47623461
30203636
61162383
5871615
49598285
33153969
53534313
54864204
4801445
60941804
62120215
39632231
5694962
57975578
18497501
60755354
36045463
27697722
43613306
41884752
24776619
52144040
37116286
47491026
16893354
52187583
13227818
16697432
57022859
15707248
7160314
33582460
50502616
2617160
31388219
57599329
15103819
37457025
44086479
44285258
25564796
9499141
20206353
15966399
66018955
19029871
58816619
24726954
24008360
23235013
35317519
23068471
21117493
66764592
32125277
25377760
18633199
59499474
22702908
5577574
44413398
25580204
26375703
3862823
25402433
41042493
34853547
14422198
25905098
35620971
46114665
31143468
35528009
55768299
41527577
50791288
42250670
59696478
54556925
42067036
65322258
5164766
44961755
31697545
35146844
65035489
45794002
20848204
19581546
2725972
44324739
60913775
62014093
32225609
20635878
36399770
61815880
63441230
23929734
21082351
2451869
30126825
35416986
62678974
27140826
38027241
58033735
9717618
9431316
58172733
24256022
29084223
39031523
58390956
48120455
56678503
15645511
51260819
63598963
13720339
33473490
12533919
22378178
36718497
60347749
59832842
52480623
66857130
35578520
2306730
43956368
14054006
939369
18241241
50667990
23501260
43348742
9600932
58789000
29406947
6516413
34780785
49031315
1087713
3668714
57047966
53740942
41631124
21086494
22041738
14740371
18307390
64837572
55124619
55151345
14769128
62989080
31098840
53407113
11921921
6954755
50301640
39172087
63435341
52728161
56252129
34469382
6000971
20947769
35329112
25883969
5049176
15196145
41157706
48089384
12797331
40536080
57046315
12141863
22329419
3915166
25234680
39193087
11963361
30090492
59261127
3458683
47034321
26634197
3842697
11940682
43008455
37666066
10695403
43181400
55926594
24759922
12007872
30091757
28284524
52033995
8430395
43765500
53802161
6067146
45637174
33322774
24746091
5730656
30214976
23388331
20804794
3936513
5935480
61926222
39592561
46233949
66672973
25457182
3210150
26943245
17418903
63194859
61670616
39854901
1387658
65203709
667862
63141634
32529677
28968251
47158774
19698825
41967493
36400414
27534445
46082180
12077316
51162495
20131086
45826664
46898302
59444152
22398002
15856066
61213149
66124955
66505791
52882429
66951135
63553
49820608
29563089
28269085
59439244
57859173
7200210
26043845
25001489
11223974
1717544
48880586
5353223
44900109
4659625
40996989
21025107
17035207
31762095
15471999
55810402
30527388
32858056
41327000
53470417
9263084
14652982
21571307
12254759
14745915
44827028
62838554
21556269
4910711
29466762
65002565
17013079
35346359
60890362
15627283
66073082
56660250
40009740
54350723
66998204
27203505
51063151
34769299
33565549
18871808
28723379
44515489
5562959
11510758
27967277
7539501
446237
21867090
55050106
43675911
42837225
38388367
9701598
47460133
58332607
50271029
45238868
26988549
17470591
18191185
165348
39714511
25202534
13552502
65385874
42929318
15999154
12027957
45572252
13695081
41158364
63034370
57697240
28849675
47885765
15675454
34023867
23481142
49401257
23786564
64759369
34882368
14512666
29752885
17613536
16273496
55729409
53214828
48067831
64574120
19244843
14692773
54458140
30086461
6405854
8145322
27421364
18523521
30698104
52675056
27630081
52053722
62909214
26644270
14113806
62143607
22464522
33439123
12204511
51254708
11140125
51189314
22829201
40031911
25887427
53615699
36148499
19261120
44734668
63682012
55811187
25478667
23638503
61160817
28586801
36858580
58261580
41760751
36351189
66627572
44291036
44044781
46827686
14208296
11408228
14674030
55501597
32107406
12759967
49349407
45987863
7528485
16386397
57281415
61888053
60859495
30839800
51039356
23940046
36143930
46351355
8862309
60996879
14370527
23633612
51871516
4958373
44976290
52299731
26796171
55089804
15178497
37404511
44175829
3922079
18784314
24701187
54420589
38260300
6445320
60392536
2957075
19590831
46732126
2739415
33590679
37407022
33013066
65180725
46734142
49009421
55775955
33040761
29370657
46629596
35810801
41621895
19833954
28275670
57767716
21435813
49355740
28093020
55939582
47546919
24717983
19164657
32796282
2627541
30871146
24573994
31523656
6534912
13753415
31507383
30778329
6116575
7437293
5479017
55391182
19973220
27307152
42916963
2113205
58780841
60847727
30535417
9503692
16273259
38977878
7278052
21264113
7165682
5614724
29613663
3277793
24226340
15162456
59938574
52370885
46191262
36814161
46481356
35747661
40708900
3586751
17232293
30436939
23666151
48664776
32808853
5028415
57270384
30530357
20078847
30061687
54475930
22902811
58454951
30299083
9593883
31066606
17404588
15216896
48183971
60476881
47867374
35239713
54203459
35059186
18403942
15024797
19019231
63628676
33723446
25598843
62331912
25917972
60541605
61914659
34097230
18524980
50527287
42281986
62628648
51352184
47773101
50193452
14136976
43760596
61159905
40969056
12912684
23529185
37600728
32728680
35648898
22601335
12638585
56155666
35297231
57829478
23856453
30067767
7064621
58807834
63035909
39608933
56271368
34606276
57197194
62955658
1021668
65185371
16276891
42386681
57915033
26490257
66091415
37641557
60282604
2731761
14659316
2550558
62020459
18178004
61318315
63482629
59459254
45375755
3259276
19382751
6435975
59078095
7073712
31125995
42590391
19810323
5042166
66757951
63199541
63033119
21074226
19959852
51900258
44316743
34460260
7429119
46185048
28032788
6989755
37306853
12499105
20183856
12867487
12144400
40293168
57089999
62339514
36801233
41253286
36062831
26514774
46551729
2933349
38036679
38503538
27212260
40202793
7343039
14626614
25539161
43292309
43638306
12984149
17785070
49358063
24856619
26808272
13740932
39654501
6392365
14874900
25079592
58109546
27730111
27208898
23071983
57167602
45585090
17605560
54913582
54760930
31926611
50554639
8071031
63178203
3354392
1088323
35873800
47058281
39586620
4274210
29408809
53533299
25419143
29002609
13520117
41732736
60286633
29174738
4355230
61613212
46003765
27401472
7034843
25505546
41607237
21566566
50167455
22636891
3637071
42947526
32551281
12297189
57838642
13367384
31042391
17100909
10008024
33369226
57411024
37841869
50326699
39285730
56577873
26634841
16058990
50200168
14894812
46548114
42664729
1081008
3705089
26356380
14312957
47685603
16886495
20474774
35255764
60938976
61578548
48572422
62817221
55402845
53136134
2270024
17184066
55592846
13397527
54605395
19190711
10662142
2001168
9446832
28926435
12323221
52260444
1525811
2009072
56356378
3391488
54184740
43216989
1955829
16547132
2414540
36038780
17308963
36990068
28386931
57396417
40634890
44410766
36718265
4008128
8071481
53117676
40870682
24860991
32983477
38172273
48109256
25435488
66593937
40921854
47079377
66615358
55889174
45744700
50626399
18375134
46575261
18098175
66897803
12404795
5312261
31847040
9844619
10138325
23032408
53969843
6668838
16968459
55337641
39900450
3260075
29325031
52030386
17791722
66620693
53501170
63856085
38636773
20582673
6074374
38974511
4355501
63825000
11265654
40048638
12733175
14557563
22286046
60498158
67058237
29640699
27436555
21155157
38471506
22182896
57211475
54343152
39078693
2359760
57289060
39211457
52960588
3798039
9430060
41050692
17355266
28486007
16112246
42458319
7135738
19518812
9526577
40876176
8718963
59361822
34033664
29408889
31805353
60354379
50821898
7095245
41985915
37669609
11814089
48673634
49468852
54400904
16068623
19426851
24546408
42830854
15765331
46420258
55946094
60949828
45308723
62943217
57046051
55848091
48758736
58967308
51227407
48044774
39735362
56365579
23803533
16945411
30230307
32061746
879151
41325590
18331409
40392055
29065694
45313252
3102915
60899932
16536532
20131038
11393655
12333662
23341154
51625367
41966444
63026922
20169206
50693734
40130123
40180829
15757711
53371464
15013494
57726796
9050451
62510136
25527331
22162219
53835265
20955777
43126657
22999187
64959002
35726906
66738541
19262054
31402985
15823388
2393745
64539114
50083479
14757668
25558866
18842793
34978920
64619531
26835662
16062492
21598547
5013072
35908760
14283442
16473054
45772667
66710544
46376199
34763695
28685176
20184021
11458881
43869400
52903840
29084497
41905272
34801362
48672565
32811511
65733247
24713284
32127353
58597884
3043674
51493303
10272131
20157218
61216860
59751818
42977346
2889111
64312665
40577600
54528519
15397052
24829948
35241703
51779184
47211228
49865943
39420207
32114150
13829207
50833083
10495148
16602370
46658336
36041314
8984103
6559273
10613651
55338421
14078263
15631188
22504443
35518226
31842037
27967596
19525974
32779160
20508287
41887122
7493481
40995528
53605130
40614630
50423487
53359661
47161743
21186911
62090370
15892609
8983479
7500682
64273733
49879373
57631410
62481669
65792612
18496539
30145304
9046736
35878787
57419408
16470289
41928638
12031209
63676268
45284670
52649690
35614996
9494653
47812882
49286713
42793820
54601300
27769994
29423600
59070760
12051386
67098996
34192843
7889486
34628450
21804252
61397084
40503367
42555756
11677298
8652514
12503094
66865795
6793767
60577620
12309590
20545255
29343884
11105945
5371668
18133907
31777325
13952022
2234289
22294893
11513281
18742899
140711
9497824
14766474
41337077
11054724
65940002
12141558
49287211
57730732
12720838
10394384
58442778
52971321
62776086
33517466
14564885
50290719
57870906
19596734
57926112
28433643
51561686
49159632
60321056
34715086
47743635
28724753
37508456
57020463
28596428
39396951
64278952
36764992
1788435
35214889
30450772
49741805
1728715
21004853
30851992
19504304
65861705
32204952
11754650
33114794
4020056
45285231
34488078
47562925
64096252
13574793
18872742
2478703
60003256
10902778
56846480
6013826
33503881
13163975
50084226
7174322
10273230
57432403
40338366
24001601
39972941
62869422
18420308
40549800
21625182
27088823
39990180
59406394
8575374
44155442
15187443
19959278
64417967
41979324
10591754
28512788
54764892
8650851
32455660
28053941
41546226
53981469
60056925
61409075
20882344
65776296
52869813
22814284
48431905
19185592
64495456
36587503
39751157
12994850
37113964
11499821
58706757
11904634
40592125
6885805
9757908
47875689
66887386
52652434
60307257
37939138
25771502
1767620
30206683
54647792
21765110
27663752
35393559
40626121
12272315
12252259
8429306
25360036
56065295
64970855
4562614
10777201
22397572
53620692
41398298
40032795
23142250
717867
4744388
39945355
23991160
51473599
20250750
3955827
27661931
43077203
52504940
21682520
19662056
17314239
30508485
8272495
53075039
19209373
27707973
28735850
49367876
9204273
11902735
55911418
33689719
32058327
60534144
17083261
61924094
50610358
44153064
53333824
7602125
61209547
16304933
51510734
6451796
11798446
44619760
53626742
4342933
16132961
57927223
47633986
48645745
9634036
44496458
63901182
26689716
16518785
8753964
17949571
66703048
28047936
38943570
39412525
41085034
59416118
46122193
56218813
11695573
34900635
55871383
63989751
59920879
14201460
53547548
48359926
51419268
30193314
55706495
4555275
58478211
11240303
17954911
36779308
8029921
9008185
46421289
50154949
48648959
56294499
54956472
56080432
41724484
44510249
213575
12345789
59929788
12842548
8090857
4840173
29758845
8822252
65980319
24529288
63549394
15357253
2713388
15051052
30353381
2179393
33416399
37038546
60263051
40625659
40854703
41319074
58073747
52873138
21670830
32721497
23926011
50451039
41311539
26652
63875938
7230028
63926824
11917400
8457699
23039700
54147379
12499082
61058139
120621
38859419
39640795
16040367
22891244
55507648
2761277
37480185
47036260
50501189
33522423
60033132
17586237
15427473
23209824
22450479
36466832
6084434
3194514
11566965
38597401
524494
19336393
50523425
49708397
28265162
55138643
56272239
54533808
38838591
21637448
35058741
52597147
67105942
50091173
12079709
60813355
2218893
58412141
4419798
18062027
50587300
10121301
54375717
17500053
24472032
27260917
42287742
44840075
45182079
3941235
21254000
13545294
23924607
45356048
9715897
12128942
32729947
34180809
29251483
66312735
60988930
24009911
29589710
39166197
22334817
58466879
46043994
7933903
57328005
6396110
8576368
13858756
18737538
5864837
12023348
46005663
20335961
54739872
43871062
54402462
43380085
17355633
24002755
2340628
15815377
32621920
51445149
50506659
5837044
30187871
16401246
27808049
7210222
159423
25871110
6985657
7987838
54831264
4243576
55320901
15266230
24831239
29230489
25716827
51063908
39206521
64636550
14044593
5165207
12218840
32592109
15889509
64327696
57461206
41242933
27725112
63871937
50279007
31805588
33250577
31205886
17808837
102858
32516487
23989209
35427211
16886034
1559401
42905599
3118077
42058679
55442512
20594176
24090608
29613845
57993128
43675979
14182211
31248756
13962755
44093913
51878518
17638200
5743832
32487402
22074325
41138477
27315525
64314224
12054406
64299982
41739476
397185
62078797
40464865
61837970
31435201
29835113
38424794
39403466
22805746
8424336
45921268
51178731
45957208
43542158
49870477
46961757
36721176
2443291
10457756
47504555
45615149
59052541
21879061
14991150
11353157
11218114
46266148
60403002
1753025
29091150
32132723
35692681
12108566
32992491
41203015
64734587
45727699
17221801
583003
48516109
28440309
4089013
44361515
64879412
15618380
36891773
38635165
35116397
6753657
14863095
58748262
16758040
59340068
55100581
53578765
1340480
49280544
66798338
5631080
4811689
4838796
56013827
6064089
29187209
18499683
27332274
42292247
48258660
66758182
41453084
2559833
34624621
49100924
66290499
31399830
49516915
43214083
47402628
61911695
16401485
25019787
64969261
49187602
32175659
47379536
13199208
31120686
34824765
2679017
16386896
10376187
61112125
66405413
695687
32644608
9711367
30488099
24260418
44706773
19240301
27315223
15537261
54691368
855018
22377600
29057626
47321431
65175622
21602901
11580717
31783352
30226574
37970795
13244407
37662436
62857848
751349
39381278
37712676
16097738
59700407
19953965
53637916
29789845
25513951
10697940
61659271
33491516
39495449
48805824
20325167
4494416
65406786
328793
41437867
53208246
49424067
4095166
8196515
23024184
54438605
60579331
16967447
42806149
28490233
6723857
27729602
52625338
3722692
45243974
5005082
31187821
55786393
15832147
63740012
19736060
30304958
34362672
52168875
64380951
18480447
33766055
12249410
22962301
60306238
56240466
684228
10171419
55148219
56433428
29366054
56063161
1229375
47472801
47159992
50761298
40697678
39681694
19853627
22768844
1848505
31718332
50373577
49690510
32282629
7304690
20268705
31255335
46870300
26849343
268246
32509113
26698497
14179236
57170171
9348525
66330401
42806783
975412
63564877
41382975
64492555
6461754
9144286
48656861
33770271
23214418
2961671
46300349
55569091
279589
62553772
63728902
39750666
8629911
5595199
40521381
35274548
15663261
57381399
22377211
1846032
18086006
54235102
4456781
49349666
20627616
12101220
5635730
8127153
6431123
55021239
6909772
43122829
29436701
569610
14390103
19639562
30607823
10679218
32619709
10409057
54884930
34710491
59126002
42410342
47127208
58087651
37521395
37770771
33292418
1128764
23171009
49120652
48122489
45550577
10311729
6867243
5199019
45014154
57112653
2815202
19291899
65850706
58871492
50589341
62171083
48706699
11886911
11511384
36440917
57527922
45657890
4327635
49871602
65732157
17479193
14183112
12924068
44286823
36141071
5623819
54339691
60930876
64971746
45082231
37604588
48136202
45201969
24497572
24323743
23511000
37009263
61744923
41669088
18342064
27605371
34879870
44672543
52501963
27226163
12528149
17016568
40413310
2777347
26280702
19785170
13826937
49228832
21825739
18708545
37032392
34745534
53815410
61243187
46413165
8521231
64807131
10162640
5955383
8188984
14031622
64070735
61368405
36080719
39718719
62377165
10705442
12292264
61385135
27169583
56322241
64460238
57565633
64545948
65892870
37603980
1169400
6539342
7937639
11307656
19480320
25452580
2282734
50769949
45946076
32618300
29278743
282589
38074200
56206394
61668543
48521296
15264994
894014
41411702
56136148
65749933
37331338
30521031
34390292
49408678
24264639
23171330
31002243
20301471
24726359
49885884
12202602
66008679
3958825
41242373
1209667
28700794
30903662
64995568
56979229
21692434
23741063
13317427
39279247
26064300
65390926
6743090
19920155
43002794
28421046
26293851
13936857
20079046
23342656
52210480
40767002
42932810
20934393
38180831
52484958
28145573
56904796
51840398
41923253
24413159
48689126
24951602
34218827
52085737
6034199
24714436
759890
37646578
12711089
15553770
56597419
44933317
22261840
39196250
40114927
38335
52972592
17850287
50276223
45642356
29810548
14632309
40004832
59104904
2146494
6062516
27483933
17392332
26690862
43289266
12027088
10522026
7965425
27877593
20129252
663540
3726158
63943523
53236556
15411885
39312472
56566064
64831658
13210301
42023306
50964370
23238080
25762756
402867
58965700
61070121
25361174
9192118
41058856
38669837
9275296
25955626
53396334
49853659
49481163
36314256
54252724
23783720
65539876
66244993
7448134
12610119
39595936
59085082
8673220
49861839
21205261
52842637
66521320
40047954
58326591
62475613
21513641
38174753
386123
64146033
59282226
57253645
20880208
3798333
47998615
10750701
52794817
36563828
62709807
64957453
28173038
30822091
54651030
13050349
15484304
37652729
45897590
31941286
16771306
59271515
32292916
20765475
3362520
60849830
42278994
2482585
52947486
9905956
59876177
4536756
65722893
55642562
25331072
33827203
4082149
16511640
28962467
6138768
5434205
33012399
5983240
47763552
8103813
10215270
21664610
56332957
66988952
44779834
18082110
44130721
32445194
7481537
55081216
35441278
17044446
36840090
19630554
19172025
11729908
24172330
31617814
9629265
11715759
2325991
34715491
44011461
15493452
12762613
40856136
47676952
51956940
63406488
2601175
46835911
5352948
30680387
14225389
6621288
40288868
52996747
15082947
15440165
49658698
27161227
39483563
4325272
4516225
1058124
33233176
28711234
21768192
7973613
14152153
48244208
46452616
32485453
61675212
31780014
59001877
49332653
26399038
13099718
50815315
37654247
47747146
47181741
22422548
12373265
49005951
24951184
41715605
3385969
51532582
1949309
6916007
46753788
61854548
6967477
27615935
26955682
6115882
55916123
50233092
39874216
18374891
13317138
30855250
21578211
53388722
24144432
38329368
41692037
45173981
33028135
8757616
49077169
1944623
1130217
19343543
15062083
25372550
39727289
34147503
64353428
21999585
10525949
44458936
61212137
52716546
37466178
52470948
29700618
52700401
52039530
32032578
44616734
65908063
25090832
32817193
36762351
6195733
24262826
9580135
12443982
32055050
34101146
16392242
14427726
54417833
46328771
20470830
38389025
29558346
42347128
28375983
19030778
23115299
54366668
30061555
54537184
39920907
38658556
24635549
42729281
935853
2310054
64518870
45524994
36602306
22467258
24728838
26750546
54797528
32018499
35358775
13921418
19700202
21571658
45160453
29783287
40629307
1921912
19073923
40367136
35185316
9850137
49822630
32167118
52798829
12510741
64411331
5366969
29722325
45787295
1401404
35199528
62031021
40771690
45826393
37083613
44760491
8717183
66134074
10784490
7016983
54249787
16142232
35358158
51983318
3945073
55587501
37196773
34273531
20751697
2961042
36167888
39184690
34421518
26295
26829846
63543973
53951141
61185490
52670757
27478865
42103817
47831376
8777171
35220299
13131660
65595254
12592525
58460323
56442648
32543278
54518437
49385315
63008417
16407006
5511381
57897654
34035354
51486982
47735018
5063958
48427531
9088821
25441028
61275409
17564366
36295343
21981081
64564696
60345672
33653133
47811944
67052735
41025254
20112111
22377129
48803635
10997493
4063395
57760346
34505647
51772447
54188814
49716064
4782545
17972358
14956946
60905010
38439939
526917
32890420
36944713
31411862
15392593
1889089
57374531
55839274
14618101
2812025
508697
62743818
54527899
53053087
58825154
52005609
65902413
41780043
18673452
48754034
8645838
61414707
37997224
13187107
60290859
41539028
22428100
35837505
23200382
37365020
25924970
51335707
52965678
22598821
35607557
29199678
26213722
3624781
24755202
39500956
32046211
66627221
46291255
22890268
58138464
14034945
6032553
52672694
47631121
8194246
30959269
51015386
55308893
11410637
16777043
29243863
29639111
63112479
25544032
6333607
729949
21009531
35765637
24976232
26954489
40639845
34229202
29653007
19824484
211784
31682335
47411111
23655645
9408419
8510024
7611666
51997594
36315097
4347366
12238728
35135696
20402745
66052866
55551387
30144093
5930675
19504640
41389606
28062661
59214446
48128748
38529067
35284391
59607583
34491258
40099285
37300843
22819641
1993385
59904147
43879991
41158376
14305545
12881257
62200694
46484734
46367775
31900467
17458900
15140114
28670017
8181003
57842214
3827015
12921898
59829780
33992075
50827194
58234834
51586604
7718319
3264737
19712854
44019012
33790035
35938232
18078706
8647280
26054925
23251463
61751397
60663554
19021436
17284087
52119148
22832171
7537705
800913
31901545
43850414
42769268
65936432
58586829
49071390
5303739
33984914
33142543
6512136
9695361
66322354
5782978
14445460
63250303
18908339
50228992
17935452
52285596
42522502
13246954
34899901
9102023
30596792
22115130
45378644
203678
8734735
9638026
35370767
14921802
18395583
6427714
20170515
6412716
53848813
1428549
64855518
10919046
24327063
43847175
57459418
56240580
13492740
39508775
50356223
44589210
66109310
16981780
44929981
6069161
62481046
26645469
14554986
6871748
28567853
41410812
47951873
10202898
34288654
63844702
24644408
61430227
49575702
66852673
11678869
51409612
21575967
52030092
836271
1810644
12358000
25544590
56816862
62476792
32200579
41280449
65338791
33848998
43882466
47812469
9180015
13859247
16597541
15694165
46477730
23887125
21944609
36844060
66054293
991245
7021073
48525515
11935485
39660757
39729649
18397317
37359833
33007772
8305044
54823025
33435540
55915464
42275757
9090303
11472675
59246311
36860529
58881278
39978706
50101149
32209094
16272444
50673949
27231984
906324
12526235
55328302
31842408
42933118
38869157
47393402
38110968
24729571
2565920
44865165
58304289
43056271
49844211
24240194
29495793
46225779
44658246
4952865
7717373
52641343
49935765
6992628
22443725
52097032
64920311
19242130
54927719
9373897
38942018
60632787
41917887
28498049
26734019
51302832
57433033
13862956
50317150
663794
55548462
43225318
52539353
17009772
31022722
66712964
14394247
7448080
45121395
2882056
51723333
18765543
37699266
26710807
43317118
2037792
60434746
27706166
20406877
26521361
49592758
16894173
29660871
1990436
82685
13887831
54389543
58611575
39808164
18970341
40669851
34902133
40397666
22227942
49320280
38574448
45100996
8759642
18658439
66834698
390620
43431570
38147020
3005807
54586300
42747217
10924329
60526616
27777573
15487629
3956940
35533638
56803082
58660336
8864487
7778630
260818
58976146
57727275
43014084
20094170
25848408
56516867
23154427
1236660
47696362
50823210
40794697
15904917
50067593
46918850
11657021
15699822
31359589
4731690
60344960
60132754
58081448
20986062
19003750
29122021
12802052
51904597
29456056
55014076
4595178
57594790
9485241
42623463
7700280
66442962
26400296
34672780
7054784
19982527
31749333
33609468
14913243
5948234
47821223
55805278
6386550
33235233
19936270
36023659
66923365
33531865
64374231
52100500
37482828
38510610
55681476
58599270
13018586
26767050
265199
6878212
30214886
10018552
1522986
20221715
54910760
31583507
5593696
37703085
13650828
16767062
23718785
18840725
24452452
53744126
11297537
33455854
56843229
17053677
65543835
12074042
53426203
16323471
10107458
57156224
13531776
27607898
25907935
37489932
60687255
27395869
24149408
18766750
22851825
53763234
37338593
1358268
42571778
25762100
1817710
22916372
17753344
9289450
27311217
29784908
65883314
37002964
27602369
51918668
59999166
31383370
26441179
32596496
49993281
2202177
46709630
1499983
66305644
59241856
38865429
8069580
19061037
16862762
45414553
51046137
66062324
44014963
50533516
20454508
22949521
61213523
15577331
34763256
50594651
49434796
33029735
56586325
30062588
11768152
62205734
64753108
60373382
33412925
38781637
10148639
49455989
50018156
15686230
45860813
43460040
24786464
14792483
63043832
4644918
1353319
65427005
2029303
45898978
14007141
38337555
51352011
62348841
30686220
39657735
44853029
61361834
8780667
34943733
56224013
50523874
15908766
4460045
38771360
66453235
40111015
19492369
43912599
1498185
13980232
36638623
51142329
20947915
10857245
30302324
41158300
49346422
55684096
4137644
50171454
17822172
59908120
3976509
51636898
51468564
31076017
55733890
28266180
57073171
56372909
15182627
26218243
21584445
49591583
48160568
7264780
10249885
5499584
43222582
47548091
6939275
17980653
16879238
46483679
41693716
19123639
59335574
61376193
19771642
18033992
62146818
48436007
62934649
6864724
7963004
27768802
44812174
29158586
58637552
35019967
9361594
19621709
32650289
33185002
19226930
58919038
8901094
659493
39208670
49916977
11197692
43273395
65717424
56687273
11657426
62422329
3115453
42784462
60069997
21720403
24384002
44153743
30628256
49873744
51752103
51875031
13711468
20244291
14880446
17722681
37367143
41634180
41736572
43861287
8917639
66387200
45453119
35306591
8977601
60525635
1749535
46275923
30251993
41514903
9004342
47282558
16166363
42049977
27456617
33745618
23641629
43306389
37597348
56384814
28655139
40247867
5505042
13201370
53393555
8324035
25124441
16440007
32253535
33000341
28914484
51162317
11108878
63041217
9125841
38741969
17073846
15069797
18991287
42241257
65962637
5048188
12143059
63794415
56526388
15117832
65173962
32334788
66322675
50882078
45317204
16647686
17047785
36637786
43704819
21199795
13815978
23783141
2598953
54950098
37904096
57328483
48956776
51089464
4796856
59717625
21076063
53065952
21953943
32048097
53915914
40666848
35831033
40829304
62597942
30486403
43750953
55469319
252807
64245478
12743757
17040054
61870021
25211438
63750583
25736678
1082874
5148549
57951933
17056517
57117186
66254931
49751871
3746488
13286804
27024704
58701711
6355607
449613
28283183
34952230
18201840
37758434
850008
58664991
7503492
14274079
16063872
26467549
1812556
19291936
17937528
44299384
18773323
58364003
14782959
47906367
16779304
20706988
13334744
26432942
13021902
18817445
42985468
4918097
66201786
1765638
38748058
43308521
63068926
25814476
48403248
2548554
66785164
66489315
22456937
58230316
41478301
57024367
48034319
21636982
10204038
35780671
15908378
15678862
25758896
18853539
63455018
58825193
23027797
64687156
58125307
2300051
61470203
50957291
15946315
25050768
21975343
37370325
48083006
35035996
12761935
67028283
56832917
27297038
56023941
58329504
17745865
20214739
8192242
46470513
18568827
46604732
3519084
48497412
27804003
56050872
23991362
27479203
62733532
29120064
36372372
48245816
1814550
25441122
54003459
14886471
47559537
37978366
6449775
55037138
40616541
28451424
28422621
25927148
49096447
19767256
9624283
59419863
47331070
22104988
39384163
58415452
28556788
45528451
30350312
3710139
6664637
15788243
12047900
52975654
29112952
7845462
8690393
47364528
22357158
43596562
13971078
42644373
61180882
17190200
199138
24668148
2511526
6606480
4359679
726477
19367650
59442614
19559913
66744456
37434537
26780860
10700816
55994564
55380114
60457931
16428725
32721534
21035780
54518823
8524212
33431816
20779298
58101998
62404002
10978742
43685928
19824537
23275115
40661972
12663275
57385471
8996435
1806753
56770159
21567086
49273036
56927151
5118593
26533635
14946002
9765921
32649320
38785290
8944008
50832547
28046561
12650788
643464
45336746
34331942
61766420
66784036
3655049
11090213
39120005
10873412
10730343
38310357
37842785
40616522
43893080
37842530
56453856
50862782
60122552
43053225
2253679
59859696
46357768
44141525
21726641
1356832
4184163
43903227
233097
62888761
10129971
7728459
34890568
41684652
19237770
30308977
28412424
53704622
39532942
7867937
60338121
66370572
53916847
54492550
43570204
18383503
23350940
49193294
25791921
20394144
53636203
46067622
59556901
19792531
23214304
37898681
55957230
25391649
59343629
2805070
18590567
42469014
41867948
57582828
6872650
61470897
32751691
10283057
19693838
27071162
7173182
60133010
49314807
12854230
41409404
17420469
9264592
31997953
48300484
53724900
62837943
6130670
28892115
14080864
20791070
11829670
1709501
46045237
14674551
20592496
13847765
11781141
39520697
35624005
38304705
25800915
59345931
33478882
11179824
63215767
11968214
30149119
49174829
6307667
46467264
447515
56917677
29880917
34643293
54553950
7331432
51037863
51597711
17057845
47533034
38841235
23110740
23406928
2426112
23741700
7613014
39123168
38355924
65865351
30120594
50522626
20743667
41946218
14440717
24153648
49344128
60899942
61581954
37876623
14576148
46503707
53070082
64828208
57017859
66483002
41407779
11698783
64164264
21993731
10552319
40292309
65124267
32299712
65824199
46112057
10199940
2570780
54707403
3237531
29358387
22501258
38851393
54002145
6293734
60198222
53512923
59594074
31451599
57504912
11029236
62911524
12223909
60813663
19320116
49380277
15906820
58687203
63774355
49040112
32399010
19286794
49604237
9179334
59108742
63783488
51728691
35713419
53409887
46870663
50002095
23167010
4125959
38605395
40157105
45688054
14260314
27980514
23901342
59996366
29603892
61527595
33722146
31467327
23834358
15080007
30080884
51802307
39155687
38467435
40999070
2529115
64590325
53173322
27728990
66451183
1666390
46910388
3471191
39371796
26218887
11088895
63756495
64748214
59962751
29527585
63925711
14955071
30742196
24664404
10800628
25294272
30954067
300768
11255065
65297565
64348793
21712110
36249493
26779938
13753792
12810463
62013324
22815038
12173144
4707330
41905659
42109905
46977319
40998302
61347971
46749618
67103489
55967110
24702489
45410767
15004171
44549376
5862318
36157030
28052384
53029472
9618104
29531845
61026087
43077065
45309684
23600016
1028838
36452537
47663970
51544895
14946889
161956
3844436
26667859
21560355
2159325
17812113
8264441
35110316
25082282
19540329
32888986
43220381
41863229
7054625
35844005
54103724
23332923
51057923
20754813
19458942
65942102
30029544
7184108
11525061
42865772
66839204
47214755
17576326
2956958
38982819
40835861
61306768
50493414
50759111
14218736
44279482
19743953
20732248
24557923
22670722
60230757
47218938
32542825
19261799
65222974
53741833
3579160
2046095
55989109
53113721
60685576
56698971
33820883
25060950
41526197
19803421
65578789
20404254
37252920
3953154
44783862
1694765
46713396
5514073
43405976
55336007
63907357
40911623
59600948
30718451
54581463
60157953
20457203
5039510
35449876
14364561
29873403
1855676
58413465
30565351
21257239
6487713
34089605
5552182
10859662
60640110
34533258
20227430
30848634
52845435
16522690
60176417
7213896
57289895
3246325
7879173
58805408
32835713
64369990
24106057
26872555
32458291
48582713
8542154
52982489
45189723
3630666
23685334
58438883
13156369
13863252
48945867
48930027
7425384
4537422
17888866
34803110
13118635
18616534
32210579
37707038
35789337
66596496
3397420
9106453
63955733
42007649
1674252
19453434
30347472
49512128
57851161
47624196
44793730
40922650
49284661
1079464
47199849
5430891
32193854
41161262
66300100
39174763
32702057
1016078
54369904
44900883
922899
29262099
6408505
31330520
1902695
3824271
36828155
65385790
30956398
8957944
41460402
17864458
44815158
54445746
23503483
14086780
27731630
26284673
4773114
3296606
30339055
22768636
47659642
59503285
22363351
46517723
35216296
27424114
50673086
23005102
62204541
27918298
64301891
34268495
56177696
32129198
15274910
31309061
55294332
25309925
8346535
30744344
10629610
6812462
46600453
14221214
7835461
50234903
1657118
15132373
12227714
27386250
50638156
38820283
18799380
53926726
66971810
34921596
39617970
39626383
18376641
39799601
6506933
64782775
34245674
52875864
59944079
59356119
28740106
31384291
42218066
10272448
42367668
34854026
30501520
44603751
64729051
66515361
58554120
37436161
59495947
64329788
26701559
16681270
33505373
60730879
7404893
37995439
8382852
34537045
41984838
61127283
9543477
27452032
51908116
45843296
9546874
7110996
19022008
20394963
38675773
7285329
43515517
43833579
29296773
3188453
49542787
3694315
45747597
56133707
31720083
13949269
60911108
2728253
61676247
65317812
38743885
56712213
59316214
12042026
42712862
66924617
26422169
60714749
2961122
39635747
45184147
66036303
4600904
33853832
40014292
6723051
25530610
14298068
25506740
49928153
41410999
66592004
7099564
25123295
32954227
41900179
22605113
8430989
57284150
44736347
39912923
29848611
48024088
23003170
60174064
13500760
31829984
53148368
27686581
7833766
31940975
56725277
43079019
18289645
8483322
42761959
49662416
31329701
65043280
38088050
43197658
48074489
3472728
51603469
12296294
38168716
1580991
2849663
64468334
15181002
20454567
66961432
13457108
1740289
32443630
2406513
38700879
64639189
42810562
690798
12157561
26918803
20577365
37855035
26283470
41102511
1282016
62050262
11144381
31581084
61292738
30256824
47902671
65615450
39212076
61895628
29225466
6504221
48252705
41591029
1568241
61784739
20889824
4136763
26582182
13117448
15964381
48813337
65299862
6996376
25380327
3039052
34210793
7665002
36934777
194562
9854120
9520891
9930180
30789493
35944762
24787123
25289674
35311170
53134764
21787737
18046393
34268913
5850175
47354176
53230290
49592962
32994528
42471640
66036221
39708515
59254728
65816733
32384032
61221223
7607647
24837193
60892635
9990380
6650433
21542353
50063363
2254657
35624153
3279299
25226994
34826329
34310139
5558146
21157439
28699767
10213902
59420264
12232061
12180156
52133880
55821228
6465673
30091204
29866399
6985013
59111976
36819118
36748973
6624303
44042496
37895774
2106053
38380029
54527989
23175855
28665745
46810075
13607490
4410631
17527089
65156211
60656373
59316021
24057621
30368614
38507294
5968728
21081173
58210066
36713960
59258818
57679112
57658222
50535160
37688277
61781889
34528706
56492499
13610380
19134091
47727465
20919987
51496557
20576049
17992138
21166350
8756449
35724749
9450658
17087219
32745844
2946791
41273762
44713997
3549468
43974336
41204954
64136495
18131247
62658958
65350187
56194984
55330025
34802476
5310043
3382409
1312544
56467668
49833636
52148841
11375276
49666532
57935553
47959748
21943087
15165615
29083413
54710203
55014372
24675894
7978160
66320540
8195196
42951430
5908818
29435821
33943793
12926865
1175694
29246208
23436892
49990261
11970540
18996709
9625151
5838220
50542755
18095158
46005496
6739082
62035385
37554434
31503085
31063253
43953875
29913118
30456777
33418190
56055622
40873864
50187081
61160619
8329797
7793765
20926945
42605571
23554565
45121245
20305323
28173830
36631859
6882667
54626269
35953183
18812219
49847365
34498339
34624130
11401314
59981402
34438270
20131502
53302724
45028042
25525932
28520255
18358202
51126112
56722172
10344258
52612541
39838694
46930061
62450061
63888256
11551469
16661183
61445335
7052262
53803559
43294243
61440774
42111729
50831738
8459101
61836235
28889042
19433176
24178988
2330445
54640999
10787777
14948934
51845208
55617136
53013831
43349097
55871080
45947775
13713756
8629855
57365711
3122061
64999040
62973016
66681716
6161491
65301230
42150478
4014729
22393678
41705990
52070321
40481932
64131951
46408152
34670164
25529371
38487160
46076004
38052835
53852294
346113
4181559
2995648
2418675
65251696
22607122
50005287
3717479
54200409
40634143
59306715
23957365
22138983
63957396
