8947
66469688
33866650
49320797
17034192
15848565
42675137
49303102
48138270
24454461
37809329
54396564
37990088
53075732
10189940
57554867
2372698
29902050
35362085
4126494
16047521
45126407
27744623
15551949
26460621
52505058
31311823
58424670
27335686
15712097
10054011
12247175
43750529
40056684
12172499
49672895
65047293
52813419
17933174
32973110
29006570
55526139
35066057
4355749
61642844
19583990
58457731
2640257
47024869
59441606
12259479
26274519
21868613
20282288
45480721
58135175
19376101
65402347
14736400
13832838
42768652
46888808
16780582
1587158
55512583
50635732
14516141
14404161
11641967
50725210
10974352
8302495
43392893
28342648
62156637
33159290
46105121
44053065
33589711
46205696
23909852
21725893
57805912
12170722
61409150
54989093
46030836
1891387
20077998
17841070
15346358
39942497
5405547
54665116
49821863
36698419
9029413
2284607
52913729
2848729
58297377
47799113
60437097
13904143
14326690
60566929
8384813
51154203
42951380
35432383
2392975
40649858
11334407
22325217
29628629
32696825
54149406
11245891
5615105
15977018
11292693
40235704
5252257
44946751
28329371
3411874
8229889
53063102
50875784
492603
38786324
61341405
64975210
20472109
57554197
21329356
6998725
39692874
54946024
15947651
5540044
47178447
34102475
59084873
52510138
21724043
8382545
51594779
28121797
22396862
37908978
48872963
2597225
56380287
32402013
38056272
53415382
38931587
24137361
40741227
39201308
11682627
64577524
59175056
11599538
65888317
38436904
29690298
17264955
53329485
23680157
38607543
58341285
3325692
38493417
18256365
56927570
41777161
45692547
7886445
11013158
43427417
62292845
10263704
337755
65295559
16505009
38343524
51459053
43537079
33332094
33733399
54818888
54639914
32821546
16260548
65034248
23151042
6260109
27560619
56500663
28612213
58710
31434376
49149671
13333553
45717929
8024643
52539558
38517336
54997293
28751187
36689304
57875584
63454808
15490184
10846940
33137553
62803417
16443705
32154374
39232574
7145165
7410575
9859551
15694659
4718833
4836091
29075800
11993
500082
37871130
52361401
7922926
5916939
25936267
6060193
58906374
42191203
12819647
65833943
25904342
5747840
9975140
41485088
38171776
65597259
32111773
28293005
16110056
65433908
51522533
39563977
66950846
27145865
48768554
52722345
42557086
58998363
57986346
24795762
10998502
11971021
6209610
24868059
49323561
6973369
62796954
53027237
27204348
2979794
23115922
25157805
45792525
67016033
4799059
62227037
1455536
20076079
21437168
61052955
29926751
6452906
4887096
5145875
58600006
14360980
46309789
37431595
66741832
50588775
37137394
49036033
8400663
58016182
31865523
27137545
26465423
62064525
9868009
26724411
28068603
64435854
4116541
35335174
48321120
38753014
66773880
24386980
55543427
21577654
52281232
352668
34679352
59188622
4611203
5014481
16572272
25207548
39061609
35332659
13165896
28204175
44253395
25581774
57667951
61095722
3489783
1630301
1570123
53163584
40476643
58562943
39073997
46519811
28689048
57729654
66420500
51828086
31368543
34802836
48718348
17758796
41764616
56353867
49376417
5101330
58195619
45918441
61220388
119617
33447314
29089898
66822304
21269145
42854014
41420092
38326272
43022981
38856058
40781247
2198112
64020806
16806753
26774551
34943735
40872615
15276524
34348163
13919787
27024439
65109378
59096879
22611086
47579737
39412192
49992637
1261455
26207117
58606823
50160023
20650925
2954498
24438732
17261671
20181157
41463430
65028812
48513086
5435088
28152309
16954590
6919414
61680313
3986553
20165008
49982593
36782896
632900
56043529
38675112
34315479
30462984
56886443
19609661
36747776
41025761
27468528
25024928
36354667
24773632
55099085
18247306
17166405
52608451
59382686
46457304
56243900
58844470
60892311
14053519
17472620
47720164
14033020
2201690
47418412
23593386
39967069
6219142
51609055
35300266
55873514
53306023
24780173
43360062
42784514
24512142
66429256
11444162
42986735
3753959
63657849
34305180
15978140
42913112
63150133
25710258
22892904
52464508
28626889
3915121
42183216
45126747
36065826
18457300
25825181
23707849
42480241
12691342
52160587
23460520
53004824
46776489
25536722
18217349
43045214
64795965
49644032
56615466
47109580
44133663
44566191
21241665
19520967
59224482
8542104
28183204
57046778
34694043
44728464
30332717
56296023
57074746
2127369
61154081
22675411
17260617
14238349
42983048
31121126
47091507
39995260
29902996
22251681
43794355
58163687
66346637
38258388
32037247
54805364
8618446
25548980
31560538
31189861
47092559
50637097
215830
55960769
26132635
50552190
7723771
28807273
33368471
50229445
34519536
61966644
52899981
60401977
66833297
61405507
22637779
41692691
29651878
11364476
10570014
11646524
48022899
22833776
10252096
38176318
54943497
5598410
46783271
47304206
27926285
59613389
15455463
19397547
13786602
58298220
26755648
32314701
1068161
45411747
59847750
32607238
50748054
9288537
40071835
30050419
51402697
1995262
58574725
36546188
59206835
25457614
34880610
29201696
14912819
33761651
28398792
64778776
26160602
22949718
24047712
4580001
53023651
38263097
321202
7459343
51538136
46106192
48037978
46237951
63526465
61011037
29538326
14390486
37373283
29333142
22488864
46934491
29919408
13267485
51317303
16066017
50364893
29897196
63776470
42724122
36839470
60655819
45890803
53986504
4840123
34085214
51239910
1747254
39463198
37335787
28232
6465633
6530594
100948
32165835
32960374
42327869
56275237
31045739
1222972
50971916
14946781
27252743
32507006
25186020
5463938
30595905
15576941
8525578
24268280
36131911
59970387
58573730
65798670
35586871
44118710
11662965
16707039
36378236
36705978
65846397
64601012
5794898
44761522
27824340
50421774
55499515
13420656
40899106
66277355
62150375
29140040
41630618
6613718
35809153
61140092
51138306
31253483
37899182
46409401
46534969
32051354
48125794
44799061
65469981
8630933
8754546
10835067
1782494
28884468
33870244
14065032
24331232
60712436
37207126
4744750
34806293
47989637
47056663
39935513
3015051
55799246
67098064
62519926
1066768
47814925
44507439
33855160
34695137
28289552
4924210
24391410
55387606
28819323
41486440
27958419
51549155
49710905
12577641
66681838
59867037
28045563
26323618
3838594
57806319
39468533
53217664
19449588
35131522
26651622
12269476
17044614
45004860
6632456
40826451
33215829
19131257
13854067
9619679
66727575
27096511
43588233
25390806
10511416
48202438
36305540
5023091
37915850
43645982
6078146
56832066
55475282
66130285
16724243
13902476
19582671
14872580
9941653
33313761
55360767
16564840
63543816
40526399
23752736
31283643
46799869
24680427
33599431
28348832
58060219
11391169
54105244
20421956
9295262
2518520
6717631
23795456
36820836
43095113
55532751
37317845
36438427
23196630
20784140
26093524
25392664
3224948
8892319
24668474
18263952
6126146
2226438
1139448
3539374
56269984
13194186
1069172
20354253
8068211
41580092
9711560
46174214
8819787
22445639
25684035
11793705
64563718
16393256
24377247
12843959
64356864
26339922
11926288
53090239
56666508
28676917
17349668
41586206
6101159
3015723
43158468
57117634
61498159
2128002
7914036
11330965
22413103
18906742
26409318
16526788
59173587
21517509
36486247
41171899
48698648
28438581
3784650
19173481
2220381
65124887
52182198
24409307
22513505
34256879
26478325
8490873
46823032
15082227
63279160
60487973
56711980
31036210
23746374
13361992
65295031
22884853
4507338
7438199
32361847
454890
28582401
24384892
34133776
39068019
14571881
38430646
21463195
42469419
19165816
50082181
48344158
31581573
27916912
42641360
66298217
2147739
48095144
23721115
3767703
53813111
12209033
66882471
8827239
11168495
60093074
60865555
45062102
52424155
37558041
11116017
55691327
43447424
20534423
22684189
57068666
27807526
45161405
25054374
40522564
16639042
64520861
13102716
22396761
53324830
16277829
18471953
19107299
46221227
46466911
43367765
38352439
24882465
64739614
30855635
1989812
1207019
62485402
56434211
15886357
26765121
8104294
24892705
27207028
41451842
43061334
59200701
51615784
28553620
3675281
57776369
6899475
46141501
54470362
39404908
53541370
30318415
14492999
17040775
45103951
28433627
16305663
30601596
44648460
14088084
29901887
13630030
19034487
63548655
49596138
10681391
35770280
22366484
9498951
39070957
48329500
61749191
51582026
45905304
34319235
52173892
31044091
60377763
20043408
54532437
38477558
16055471
16291659
63154874
16359471
28924752
6812761
11393206
24348735
22447805
36502602
29671294
65256915
32329448
58523094
27973065
55638452
9564821
29668753
22141350
21138060
55895023
12038059
41753134
19612660
54317119
57648715
46211287
11754216
46384380
5449243
19680447
42329452
49117098
10110971
54548190
59062040
42642443
64259841
41315120
8148132
66171366
20496372
10070393
19971159
42260510
17621395
46199474
58724983
18612672
46281779
53152327
36966835
6646563
744516
64294475
39423262
10272235
23033303
1786320
66938533
26537417
48178318
41604062
54472666
52209375
63425128
7503694
20811685
59164369
65793752
46388920
63240592
48315073
58535593
34641689
55669152
56140584
3276716
48814609
24311252
31805387
64405806
59450269
11790084
16829450
60792377
17516221
36126558
33171359
52034193
32797762
3130153
58846174
57848840
41339418
64680097
43369115
42684702
63452677
60880152
66284573
57485367
24742217
214253
28606058
16547447
19647015
36605760
50571645
12005364
865948
2194649
66186295
31035245
54116415
38612646
17616675
8851374
17203513
48991804
57265746
40052073
64518627
65101134
59920424
30542208
22554031
48480361
9561312
49523862
12034879
17821563
11192437
14900274
12636892
63589608
42199022
63053970
17234144
12219518
7586220
16576950
553200
27178324
16562770
7698516
6408401
63052288
38631524
50202219
11667681
66023070
31265981
9942209
12765771
7623271
42602383
42863096
31804248
39634352
46042255
20451462
18054700
34008273
45956801
58016873
30072516
65140064
24225595
16791180
62400033
26018455
10093474
7398196
47121024
9914573
57476490
4602402
9236689
43458212
50281425
14064252
54357135
21479942
44432785
23017022
44240364
32662151
64426371
27899581
31536405
30367045
2133248
1342605
59318974
1304099
48480545
46234680
43252280
30455715
5555048
62269571
35695722
19054505
19173088
15505095
31971476
42905951
10468617
8848880
66202231
55124896
36964795
11388851
46786977
18270802
66363605
19962257
1623252
25599299
13231994
2586520
40470772
34094199
27360615
58763475
48251234
13559311
65669399
36168411
6206292
11465531
51931506
12848386
58597524
57877500
51910040
3930915
27423715
2225452
4202916
17754501
4436075
55668184
26140038
56902759
25686860
64525528
40352031
39646211
57738828
25994005
11781198
11422056
47251484
1133338
26444392
50980253
40780042
30358548
44516834
61495109
39695386
1672358
57249033
723361
57832694
65358191
12979372
26252654
44167807
14652397
45532805
12933838
64759804
12085579
45128233
52986831
64119449
39420672
51669033
60823299
15066883
66079600
49409660
52534651
53062120
55676250
31394272
12578854
58747743
12590133
21575056
64931841
48813417
51840670
46229255
24907556
55906201
27604167
19391913
2337283
30295595
16746978
48563412
59900866
44915094
39248148
56208042
4835413
14450613
1475736
59897762
6099395
53420215
31095174
56420778
38581877
51251445
13873999
61092673
5963466
35115117
3619922
32107495
52516631
49941035
54444517
46273324
55347363
20964147
2137695
61380914
58000142
60475539
47317621
23434219
60852979
32776170
50456607
17487235
36145350
12751702
44933041
36433648
57789295
17127596
43056712
8841735
25075909
33223439
9709419
54560993
59067377
41657926
29883844
21243500
15517904
12038211
37251756
65202
17464113
15666125
59307846
22553859
36098381
48038321
58819220
21374926
16486899
51559684
64516326
704615
26409542
64383484
17417703
22210261
13797958
64103133
26445733
7049113
15056274
53003103
12365093
15664183
58250364
4941707
33034846
33111687
53035508
9219017
16350735
61706397
30483237
56883446
31298609
2263565
38463996
39492713
5875622
59101745
9738854
66094378
65340319
52191399
41527766
37635956
47016531
12868901
52349207
57233720
58729420
3096955
59038673
66777820
46220506
2147747
31990468
11574294
34531407
8499311
41550936
25518241
33272503
43884156
130050
35415929
50719828
33777470
55060473
40624206
23693041
45749979
17318188
52268253
61874340
2815649
61534650
61688544
62481140
41914598
23667004
4352656
40246541
63503073
40527112
26742791
41738273
10137366
2457320
51753280
19492584
35579636
47231170
19010459
42166413
19888889
18108021
3535772
18834346
34119810
29240158
60713893
37410095
19089817
48383353
18548167
18924143
51324517
9959414
21289153
19227749
50000074
23174684
43817352
33276176
52446322
12146619
25481396
31763158
26131916
47921178
26007456
29053619
53438906
62037090
42404836
12866021
34831044
65475806
59025380
32815583
8739400
1365842
63216808
23596082
553013
15699
17789238
12671262
54287146
50909696
58710690
33544657
20066953
15288167
15045704
65205464
11591067
51254346
32257329
47897964
29932129
53855909
12084494
56550682
66003843
12484419
61259839
57651762
16279952
6248673
19255310
10970655
53805265
13173984
15355965
41701638
58750427
7135817
53709350
5295674
53017923
25161834
47546845
43852814
10320361
301087
65584142
18178781
44534969
4168663
9817452
34096370
12984415
19394338
1575238
60778774
53918087
13316422
19987776
65458562
21721792
23491552
59168564
35117544
29589082
14198888
40541338
2831749
10114644
62647112
38900108
41069751
27307877
53979047
12199489
44321814
33270353
61127713
49393906
38277061
3127185
34877305
39265647
1098718
15975399
45017545
30031816
47100144
63961292
14295878
47930653
10285573
25469764
54823649
36895256
58669947
46945029
54212172
8207048
34857353
55153759
3861655
36717526
46070630
23509779
26932544
53763551
10568283
58999525
51186575
26667298
6106494
30281516
52341397
59211516
34032628
33764351
22144706
51790348
35157393
27986618
41207139
22999570
49948766
30157728
28611829
56532051
27775130
11244300
14401082
44830027
31485829
32390942
20415159
26156186
60066871
37502969
51748074
21393159
61262624
65436721
977258
23555103
37363845
62027674
25269247
23907828
52113648
36616604
45514193
62986856
61516814
42921964
21632760
25400614
32021360
58662016
42616456
21119210
2855894
21898550
35134679
3382016
63956920
49603932
42025426
5206088
64829511
37456863
35226103
14183523
31861435
34736173
64565258
59549441
9154948
44696918
1287114
12394003
46987549
59032783
17059637
13779413
64452125
12168148
9310210
44578773
41542303
40513225
64862433
22069172
53351774
7754803
30336466
23060869
21253323
33267640
64595022
65235711
13760012
402498
46308328
38347678
37565205
24135185
22175216
16084070
32319188
62793757
57706490
48201287
7050478
52909972
43064573
54527133
47177902
59151046
56509060
32786219
38325574
21965752
50493404
62388457
56903267
16111080
49957945
20933383
25267597
25474730
53204406
20052799
39904541
26917843
60690249
14346654
23393710
45511941
3514996
17707956
34384800
21094738
58915654
42220120
42852403
5695587
16250605
58353470
13594243
46978186
21637419
56939141
55084077
62625100
8099490
17846547
25360932
58435392
782796
61335062
9130436
47643181
52927063
30699058
18583635
43521987
18845472
17493252
12688332
28543114
38758215
28150464
40394976
27529079
24173837
18219512
35629074
40754486
53502598
44402425
25858130
20338432
50216105
15201248
63760138
11270590
32627539
11043008
53142469
1055183
45486046
58241956
11690181
525428
21498374
32528459
7786543
63784037
5062008
39821102
46215465
49192151
41684808
56192915
54516338
53081159
42258400
44801085
54442652
52808382
5873985
36054578
8396013
17540360
46982660
21666632
44461648
41267419
15748040
51428137
43434624
30351184
61874690
24861732
32101265
36375568
52031222
43715499
1664246
64852943
58457647
35520114
61274460
62793828
64834740
5222711
32247841
51163876
21150071
19154893
26293003
4953843
34963438
65623052
21791105
15310451
14093601
15183570
24978026
51103986
53841528
33741349
46716988
62391803
51212305
18715481
28948573
38278675
59525515
13172436
35335492
66271277
26446843
21248685
53196433
12819906
25584071
16784547
49102201
26082720
7876206
45681063
27184908
26285675
46110460
54471012
38239987
19049819
39295877
60403975
25790970
48257284
11162595
56937556
56096296
16264284
22377001
27101160
28816635
22571822
30826943
23483658
39152823
17524871
3884122
53902763
49072549
26333715
27665723
3744805
18324118
56957667
23072577
28403955
36930919
60527458
59497578
28109588
40250577
6089669
56141432
41230581
21752269
8665271
38904817
7964787
59620405
3119809
56768254
66059661
12290278
24900286
13297261
10909573
63647777
17961621
22937422
50570593
59440761
4533900
6108496
6763681
49477703
28305298
13681889
57434909
31008408
28770560
45102118
18296467
64132103
46662332
31421534
12399212
49211645
66968499
9883199
38360729
59563483
32593383
13317583
62904365
10247963
48971255
26120431
4477555
31184584
22503238
51991613
30875061
51501341
1971010
34270722
22118489
42976849
61514720
22358539
56171163
10904759
51744351
43107467
4844185
54905255
3032906
17860627
32683415
20364820
7573375
46785198
4432750
33996228
26040035
62424200
58494079
2536616
15918255
40398396
50096227
36210059
34117665
14157047
55722998
7966470
25280040
62853381
59296009
12839792
41317659
64524468
25209182
67104031
11604000
32145821
60690492
35113839
36305143
63989528
61741835
61780240
44601671
17177091
30321455
16072394
44137795
13377645
55792957
8189429
57222144
7443481
48048717
57219126
444779
22482581
55965645
38874810
61344902
33910380
27146815
40651971
3897256
8571068
61110814
29293929
14221899
7111894
30035201
26718913
66705962
46435445
21371486
23712038
66505988
60047799
12142700
5135529
61247936
4987711
9587887
50711165
11728057
49436123
59746794
50214304
13821892
66572465
42827160
43950728
49246063
27181193
51306377
2769419
24139536
34713581
25034583
36338644
11248976
24276721
55545120
19308921
33746113
34035599
6340885
14347891
56096049
33922626
40526563
39238249
53200397
52528428
4080926
13847146
12445323
34912405
15894043
48147631
62539689
9156816
24349566
23575940
35807466
39188946
45507014
54871681
22497504
51082805
10248086
20601340
59397032
50238499
47113033
8238070
47040937
9925014
64679426
39662523
53951450
60146981
28715759
25372853
11813471
63049735
51859141
11235835
55597132
4226590
27249678
42997574
6435076
57860288
66191700
6261735
18736897
65568302
50270840
21778962
43685008
34729857
36916094
45927182
60411521
4837
17714078
22845542
49188190
25508660
54929709
57427837
5159754
40979504
11825573
58121014
55059991
27674360
29923532
60671749
41571888
26171254
21968025
4960512
42295117
55741826
4571542
29561168
48880281
55127250
57163837
19581722
65642165
20021762
49021118
23290252
57707157
21046596
38451383
21315112
42431747
39617171
22185267
56434652
63747666
10461661
3975670
52848286
41715788
63702505
65541915
8697789
6229594
42278051
20002750
5218714
51312003
18726832
60464523
20667263
48568180
3740194
45077030
10027025
37863038
34233051
43578103
39022923
8599530
9990920
64547567
31527814
9453611
29725771
4426109
54632353
35904825
9967580
40616861
52981922
15950825
29812325
28587844
60401465
20342660
44303846
13749685
22942944
53499671
35460447
18523304
64733544
54574558
50937552
12046407
9799050
33508118
29983848
45360386
48029988
65528533
1267492
58912998
37240138
45122641
30470565
39798337
21912684
15497100
11734640
14408561
34161367
17387678
15560508
54983802
43680279
62128682
31152671
51851635
29353666
54346789
62813715
54981824
32276104
57835460
7650339
32239150
48040205
20250533
59183248
41865914
28133940
529844
55138399
54140902
6295578
36983654
2162753
65202739
32235388
54160365
4684235
47151675
64125784
10533125
27200952
62647298
32484774
17242084
48334016
48516680
62015451
64922389
16152161
50113890
52061544
16527682
12783180
5135883
4181788
60345890
65409385
21574774
55157557
57500496
26093250
25419572
6279070
25085548
5746996
58498861
20021498
10312163
5080569
41440681
40990117
23318890
19759040
38560954
48457290
11482184
47018533
43210284
60354848
17987783
36417718
44734775
13131887
3455742
54906324
28528015
31754218
59705329
45222464
12186728
37894348
1119035
66554829
52003056
40786445
47612721
16345169
20056714
18498750
12774478
49744086
2429825
61522756
19267646
8784269
46486666
26592992
46259946
3561789
38622427
49345395
58383072
2593118
14257040
25785948
3715172
3975090
62443697
1288459
6548922
27265026
19651033
57954225
8251620
18272747
6347901
10893877
4205810
6666227
1310556
50562276
65075271
45979660
22468797
31095678
41659401
16662174
10179762
41066578
27089237
42899706
6021952
44556136
7163703
62322571
50470869
31259657
18440394
61014791
59397998
10934860
28041103
39464505
8064986
43021303
13505826
8955415
64276298
50792317
47018656
27372169
58762493
8435890
17932175
8107430
13119071
60932247
24219440
58006159
27223017
45916062
41456834
13509675
13253781
22700582
15640723
22387877
41149888
6792084
13440170
54717607
20140029
2683079
3190027
16135931
942865
42987336
27674028
45819768
48942666
15819855
3191952
60061976
4895829
56185628
57370846
8828045
9855196
27291134
11952672
41927573
3783776
28774308
2594582
10152148
10072911
33985583
48467520
26178880
51933520
46100117
7023819
40390701
16613569
14409846
27457829
32072570
69709
36743234
40586216
24315348
63490895
63686852
37686035
37618421
31251968
46965020
17182147
31311713
19845072
58709741
56868955
26806675
1873604
60958904
32247002
17064198
31071675
40969760
33347261
31810937
58356141
23864105
50764129
16531601
59123214
58984357
323416
42279614
49562313
20529394
4139041
34956593
63296077
26466573
10003250
17760228
34317515
27646686
8042822
51910858
3009260
45204391
48897387
41928132
13021604
17983552
51458986
41429592
34865660
59872729
65915320
49733992
30816447
55708875
12757920
20728790
25470603
64246157
8722945
23007978
42983423
35125050
1164566
5337438
62096015
15309196
53174664
45054138
42691303
14432718
62223122
60201687
64330144
48489462
39091493
16979120
32657525
39987643
1669814
3318476
33902563
40381117
25674376
63491596
13538456
27182576
43157548
21512397
9198545
47384630
10956831
54612235
11703084
20174446
16997626
2319957
59396163
4425137
32595841
38478266
47710540
48121040
30851589
54634522
33940660
43993331
3361551
52126670
32895783
3301224
46602015
29669111
66473855
7820481
20083872
63584271
27142446
2335353
706091
1986558
20194368
4695496
34757411
9630526
55051330
24013070
18112221
57715850
19276763
46261060
22861925
7818669
14933387
20728811
64290763
56838677
60965908
62918664
5657513
3445828
46056265
66988999
31223316
23784171
46179944
10161828
29456679
26874139
35433128
34267168
58345335
6818835
20082038
42150799
4864284
12928730
12546667
11475378
23131492
23663960
29974963
55750340
30769160
16208133
21020803
12307682
14480824
60642173
35088512
62087331
63567852
18172037
11755829
15372520
13555924
51529154
32584411
55070328
31007885
21400053
26623108
4914649
21216808
60313344
49262928
1133967
3306193
12041564
460543
30857798
1228129
42321277
6210852
24684080
27290609
9608827
30430615
14958750
5426515
55845438
39612689
60630147
57044879
16887736
47240934
33980090
62465192
3939716
28069800
44175582
7572430
61681592
44080666
38886047
23441866
11771985
29534455
36742647
21162854
46274108
26184767
28347821
50975941
6705073
32866642
59184546
42435344
50346211
42751240
19465743
53255986
10406298
53874564
43673326
64944247
45061229
66725094
60190626
43972485
65957519
38818997
18175268
66052077
3292263
43511847
47927764
58683856
38713455
37197958
63968337
53825237
6482843
17516493
56933982
28854829
12482368
8587526
25978155
9938065
38468604
5158663
21418070
61547084
49198887
25462507
66776435
53062336
11522631
66319100
18935433
40801562
39581678
38594861
17913701
66372923
37108591
50516253
34856482
53220129
27533925
56678704
974210
30062022
24233299
11853068
66298824
47811695
62765637
1720478
18626975
42327312
2172060
48080013
62884886
8289750
9446310
20919476
52846085
16766942
63947828
56997142
18061250
27518053
37228443
8830347
63549717
27729798
59201920
62140221
10677079
16504010
19064713
39202939
39925172
40268380
57106326
21869427
43710221
22806434
34138371
20457662
29834843
8813160
52015400
55301311
23703895
20605043
26007678
58217817
21198677
64983818
55671313
41381112
41657689
13255011
60934599
17824001
53440055
11102490
14323857
44918150
28140400
64295046
62125530
3417188
24222921
19044015
60925898
64303038
45591965
35489422
30439264
63902209
32460823
13156248
47668198
37913312
38492131
64146738
51467700
17455406
13734608
26725480
1606178
31588867
32011057
49950274
10689826
6832254
22867734
4630298
8462498
63641116
34398426
51619730
66612956
52236122
61301535
2812511
43151439
11267424
56917761
54931850
50173084
19933095
53913067
26252455
45310000
38626638
44015380
6497287
64065431
44714070
24451146
40561465
61424472
19158476
54375507
17539476
19203010
9401487
19330931
26365338
28699539
17957791
64201572
48121106
30145368
10202454
62187748
34554442
25073519
23389227
21029599
890980
61557854
5971877
24086750
35666955
37515787
12996460
22036161
38210839
60478462
12650543
10096226
65079495
12210457
17392043
20343048
10844650
9293524
31553991
31437184
59240975
29889821
41508747
14989050
64754567
40818782
28213089
33280206
27265466
41142521
47959416
11540732
17768734
50122236
31568824
18130611
21424705
47062452
4591425
26938628
61647944
59039280
38423358
30537291
20559181
54405352
46324270
4126482
15717632
21356312
30391367
11356552
1661926
137434
61581159
36139678
44436904
20146113
16163815
16708088
43565414
28731667
65342306
61073906
25102501
2139842
66186856
22463042
33361362
13515533
25325528
56368734
28744998
35046067
4082712
33849674
33724888
39462665
11556331
34821532
42778819
32846287
46527052
3807977
45664962
39799055
46446889
46252409
65845451
18668731
39860461
53173951
20257636
61170933
34741659
19636675
32242400
51395816
2535363
44657361
36128576
26374808
44379691
47432458
56709585
64777697
42981017
55964608
26505414
31223031
59035568
47526362
30482854
30061072
1638416
23827716
45987790
10373154
40434477
27896410
37665858
32112893
6915761
24438598
35816624
6833289
37379956
64881370
40802304
62366203
13906491
20556448
6537200
8050262
64989476
43387749
30303921
31757684
9145162
61043155
27565427
8244303
50736720
27614522
40885045
24684138
8840346
9666213
34050268
61645125
24118944
56014482
12288533
56597327
50080424
35626800
47526826
35890386
63893693
35148523
33656384
38262825
59568092
43946457
37586315
24127388
5212890
23920372
28369028
1757800
48962201
38633203
28998416
36965421
20487256
25572692
61058583
29895096
23815887
21027660
55029126
58833798
7467888
44236166
56039398
23187277
14792751
50649610
28749584
23769360
23133753
45916407
44720702
848677
62581939
55752906
55645198
33119031
56049323
53041458
23500088
45554782
20550858
56899938
44183918
40284658
18637492
65844146
19627815
13739552
44457033
56659655
29127115
50160899
47092782
34249726
28191198
26578622
28733255
45182508
38997404
19751775
56972922
39958356
53015150
40341257
41498040
11782009
10469638
48409400
34320010
34297846
7971039
56003215
25753557
31145856
16681036
34529349
58533985
62598741
47153630
47266451
508476
38358461
41757993
22008991
49017325
24602045
56133419
17303073
66868031
63326559
62995258
32297903
17120318
7041792
12219049
21251214
16559939
58126483
6059614
22350745
60309226
28947053
9794348
63709188
16712420
9738698
6320495
38013592
42004353
15354024
36077813
15273028
55333718
29516280
31636580
29279034
32889257
7544630
44239293
16025832
34085154
54263817
53956706
16560147
48065871
42942543
42014234
57142102
21598685
32959285
2369178
64082507
51563511
57858117
25405956
20796728
57855714
29066169
30861840
53300214
1563978
46993385
42946967
44445261
16968636
31163120
61700543
59957460
5263470
26241041
22800027
36302030
24650846
21509761
35342079
66049493
50226763
41015011
42671806
66219637
30428792
64580506
22444476
65167282
48236527
3656749
54609583
26865581
1872114
36719108
33749950
8085530
40964715
51178332
2687028
15316285
18002787
15436535
16141547
33952325
30737104
18271903
31275139
32506182
23286821
36574141
30654519
55178682
50154219
55200375
33025283
40444556
61493158
54639246
12289057
53903512
22470779
55054209
55104666
30324799
49797135
57869616
16432705
13040766
43215334
63853638
60771378
19244373
1126637
43812615
19817095
45367214
61568556
31691027
29374247
62862741
49671359
60089957
10121005
12368441
1374536
40582326
61398146
8864795
3844294
29462680
20678135
21959545
41026790
46753856
40405970
7483597
50526254
32466703
24702568
57517266
22271083
8194154
48945921
3271935
15504641
15627472
5199817
62312479
60786234
48836203
1992338
52761033
58161493
21984672
13990492
44131303
66725482
32002618
59230789
10888064
55428438
43595561
29358738
66341657
26635822
2221945
9092481
39649183
2204623
2390319
8786898
1914698
64363434
11156045
49291576
23522108
3616083
25556986
17266400
65224893
13629309
1377004
65247213
53861650
3586085
27811359
6271323
36432378
37980004
13526462
25592412
39072903
46530313
18885815
53759486
63243964
10299752
52784629
23047800
61357489
10562425
41416805
60985494
1985025
13821306
57776543
48377878
42193372
66478966
4479558
9423703
37377979
60632842
48304154
50749767
42699009
27220387
36364041
22567317
6214884
57711128
36539989
38432606
44089834
35143190
47302023
12541447
8034652
22785532
13583195
12886121
22398104
42219592
31568000
62481212
13425195
16658410
10340459
23523472
20070535
54146272
58034353
16075514
933358
48051357
15364856
61478457
7160179
8695547
21201271
41032374
34587206
35670607
19396469
29915442
10271724
23685814
35028783
23057027
36391241
18913085
64516427
29781740
16518797
4103800
3381454
48451622
35647661
63684676
62671902
12402694
14497271
15967170
49365582
29984214
60621803
67070834
45289585
57741844
27698183
55016771
6112808
24285435
28190091
25772536
19018413
17482506
1523382
3463294
27619999
41147348
44056286
42168313
35373699
26922200
53476393
40658808
19742913
40222904
52346053
11787200
49969091
5863557
7113762
51019323
9688591
10270729
52550765
29616391
4093101
26245788
50960634
24259520
33497566
32192103
37033647
54019482
43427209
54415318
36472588
67010012
26771102
23189197
16271272
17456678
7129515
41766405
48000280
45144227
3947421
34695161
51200941
25619977
32692601
41697218
35877533
15506409
64535987
58515800
3741786
60198489
23150303
51033175
14131386
60516404
54019344
65236238
45616528
2908882
33795000
16956211
41181484
29388547
62116761
59239537
43182498
17788746
1184028
1648606
5778086
52593302
28590338
61458264
64509687
11740976
63378703
3840815
18163638
42078914
7044659
55594967
43644438
17219872
10970344
39766427
57000873
22420724
43672811
51821376
52473460
46567914
62179041
40047483
51345513
66359658
54211008
3194810
50331431
37087108
29777957
3453597
7541169
54507602
34921868
45557379
39207287
56224526
29893264
37887899
66569093
52370377
24957083
54698293
26788114
15935589
25969385
14106120
42398750
59435969
46252642
56334926
36924256
46689167
53096837
28327119
12081992
29471739
3890263
4930602
45197685
1854341
14727869
31457346
33883040
30768719
32055615
47747202
43659630
42810406
33130480
52338145
30374226
38161870
278703
61467145
61693305
41568891
31582800
20337761
59579672
26084369
27842610
33811455
43355479
18997062
46221938
34246447
46687458
31448686
17529997
40073729
64366891
41885241
24342185
57576978
508872
8667511
43537498
25043813
65858658
60975947
60688177
3029240
67045566
20273881
25173611
4198070
25819169
57393120
38131301
60866861
54840439
51767227
22037108
7556262
35816214
5458773
23101881
44132676
39095987
56435314
14679763
33170787
48700942
49854074
12262800
54520906
13059048
30464405
35832264
55809018
51512146
50385079
33470738
63880808
10737468
42485294
4445859
59792994
22112533
65639358
60403092
8951390
46978778
64061283
23298992
49426955
20335545
57927426
24453038
33890414
33255201
32203452
18730886
6083463
30792488
26916996
12852615
14899361
33282571
13224453
41735202
45179205
58440273
28087394
17039800
9271289
13114187
50378466
17347702
6090400
1572637
14711318
41631441
31614686
55985016
56784672
63754380
50317762
53640884
36746040
24896511
17520600
60492971
33458043
33986707
38774744
22665049
14493312
46900621
53808826
34303113
64300067
27337201
58807435
51006298
55267084
42485733
44173219
19830475
1220541
6540858
47992725
1246826
17488283
44571080
16418274
40151620
10828515
8250094
61195367
29205590
2381709
49556431
17557954
10365867
10412793
16749961
9940540
22983802
17348426
16409029
13685033
50286819
30528479
3424102
41291346
16957114
30190123
51824670
35535437
44234110
50483985
63158401
66462620
12161471
43223105
1630182
38314878
40339339
42878205
5103446
12198510
58597704
42390616
61908663
36189640
53180267
37927228
8148918
10475722
55691372
25227174
60181212
36602038
24904980
55699031
29600707
38837685
25698309
49080738
49811768
55858765
19340846
43249420
18875463
12842847
52442516
27290889
47200600
21735919
41516096
64163051
27103419
40821810
41947288
64538830
35634182
36028675
19990609
62716914
46988716
35157124
10575498
19664852
24085146
61955433
15004796
5518456
25342238
36519335
21929763
25540582
19892371
42094875
36133549
26947014
48103741
60733882
14419061
60504114
44898560
53194710
7139383
48045822
56653471
13685117
1236807
5460197
34734561
61037679
39689586
40127478
57808448
48814389
29538994
55383475
53435523
42087773
38642609
28984801
52868398
128039
7310280
36995673
58640106
12935232
46625670
41410639
63026828
7989147
53621522
32298024
9079678
54205438
40244614
24500559
45166312
63998375
23555229
4970560
66386927
57530244
12390559
15177007
17169079
20724157
59752206
34061679
13800471
58663427
59846938
50012851
2933737
14769887
4757822
63317680
45655998
62744898
25999670
62173561
175394
41166739
3199155
1556220
55939091
16199658
58849214
24508291
54435886
37338615
10943439
59207436
9323885
1674379
17191887
40555642
50504767
31958196
42213906
11657065
37587383
42055385
19501465
50776691
28315505
38250128
20085021
65192723
16111861
32217963
65225939
58875889
18926976
35637788
33290051
6060664
27910373
65662026
1863756
37057580
60805758
50814465
62462964
8844932
61716735
65735488
26050148
38510352
40163366
49517472
57813713
16442405
27820369
15691589
59412848
12856953
13740647
39896936
35523979
35666019
7279490
4063437
33888272
46318182
37276685
1523346
30608589
25557565
12234059
37920064
791113
18451547
46138389
11481301
40360251
50366806
13643834
32437941
29638842
17977435
18876209
55637261
33888282
55912705
18209703
59065463
36287333
55807064
54933689
57570187
54743841
16839481
66917307
11414399
4429336
41228217
53485535
38536916
21689240
35155179
32068585
40599447
52594424
39927668
53061375
41007136
66874517
39618563
54679299
62406237
34354596
32191997
54134448
15655317
41900017
44755173
60628382
41145538
37121454
21658235
4408105
32384719
29277148
10490596
50643078
45949968
4316641
31271797
59988682
49030954
60911828
7236072
6457565
55643293
34965541
8265676
16032345
30055006
65095131
4011318
47395473
56983739
8908167
5923281
54954624
41982928
32164145
63064617
55530591
38055191
54291536
66892892
39106337
21983479
61735132
23047217
66306322
51719317
55379078
36417397
1005303
55082647
19451909
4013854
65312026
17720446
39944229
17350520
41249260
5936218
26470881
63286393
40493621
6578527
39605034
30938107
58017854
46760648
43500671
53526583
12911887
32252272
27266821
22307635
63153360
36476510
65986683
65625662
27324815
48595948
53249672
18970215
15569797
37336402
30079081
17151644
44816806
10637812
53374689
66838759
58607881
41541667
60300089
34381048
19987992
65132881
18227314
11025452
20860167
14349268
20095778
61932361
36858309
35774239
55754719
44816265
5659716
38312446
37288603
23368464
26945275
2297586
52177497
3858609
219318
45637201
63104901
7329078
4255875
31376761
40069297
54909355
40261074
50401424
6715336
52201858
41667757
24094516
620977
10508998
36550404
4596098
3300983
66475301
48233266
16563375
11939559
50787471
32206239
1290168
7135201
38180722
37410890
27837510
16237337
55505729
59245216
56116523
22805624
43320445
37968162
40079854
7446039
22397453
6289871
15523668
1426405
21465736
4833221
65040348
50013146
47366022
11753370
46238093
54803175
56930417
36415070
34544770
29235121
7710262
38747832
55353044
16849266
44522666
47586665
23336583
30947991
36232253
49672772
26438694
51978247
41679219
1688511
22207787
21166135
13380918
22755452
29663706
49437072
5501898
23810280
44426433
9312776
49174965
21799982
5149297
31428357
55119181
13794563
16137067
7166746
53541541
37670290
41297499
932702
12180018
63541573
40486416
59248348
21362268
4330208
14113168
25844994
33610757
7042422
41117829
30211912
24898860
15461114
10241359
58153766
37420642
22305698
38873184
4706527
43106020
45996192
42807229
26473204
40757939
47494908
51610726
1062534
29485719
38486932
19625925
24129560
26417450
33289069
38876831
22120711
19577808
49502676
52706436
10393319
37703451
63405048
45394726
23771033
17395948
31334775
24864068
8402580
22870859
23325613
51720565
42424021
22285640
31153815
62320158
62791869
62450815
56070587
8610528
4389847
1980544
3344308
32820306
30847443
60686114
45758286
60363220
54858949
39303017
12996651
46936720
7990803
29015020
9852533
28197977
44518363
6107158
66669555
2113567
5257887
32674778
1469959
27473556
38320652
24187321
31252727
32171974
13238268
35046282
57249857
5495979
53435993
62229835
56647942
17270999
23856422
27847756
64896872
30693082
4210535
27999504
42678857
43535300
24081397
34603063
29976215
31561853
32919180
8803640
52532786
48155050
58922281
5365947
60641463
28483216
39724243
46035676
35591612
46690350
41076811
57580756
27728176
21995952
26234199
36070045
25086376
52750623
12297746
20732448
44537902
52903259
25431588
33282713
9205982
7127204
17348478
61233111
66863116
14464449
34125334
62668849
48822358
460392
16901573
22625407
55923485
15308993
8741375
3249021
2590769
34827415
5202471
60727819
55356684
27066516
22840268
14427888
38314097
23680176
31206063
45499399
19062827
18817275
47765323
27119407
10115397
10319028
15661181
30252632
685985
30680492
15370994
34593332
17636531
66731358
59582407
35427063
56556878
6539174
60974071
65695505
23353520
42126221
26896888
12398732
25680555
18282810
36964505
18962249
19344682
57959401
64357639
13331739
38197924
61110809
10258483
13639325
57101445
16410577
29970837
66956973
11726387
6767456
51933466
59202184
36813762
61094605
28417505
60119949
43004369
22897831
35804724
47246554
16730423
46259115
8867070
37429460
5839808
39458356
53373691
13489289
5942867
54497751
62341711
18859949
18961085
29017456
1759586
48278405
3135005
26618221
45941114
14268189
39574960
45650906
40251021
5709860
63868688
16845882
31960256
13980078
35114578
43666201
38452000
3903307
66759280
45246962
29553549
31067712
67100042
120661
33633565
11901048
30782341
199958
43272764
43154055
44503815
44315413
26581756
35103793
25927563
4541334
28073275
15505526
8004810
46665604
10856377
29109311
47698894
916555
24227596
45096705
6696818
58095335
23584730
4732797
25191313
64989739
19297894
63328576
39137178
22371225
43756446
52777560
57275034
3545183
12901694
50402676
11386073
20068884
66169768
45544293
16420561
23955103
26128441
17889581
55335315
2112445
35376005
43859910
23189040
46306663
40829622
57308125
49754812
65182761
51618090
7349337
46291836
54723681
36952257
66579962
53142793
28082636
8852193
40646437
44720491
50007577
17650227
25596489
32780048
60388075
13392566
29000708
17261577
46517757
9333908
21863814
8656985
58205391
12654896
47097088
38148619
47324429
22686728
48637204
19760221
9773072
18953373
22126731
55544528
13633850
23959625
25694076
46662098
2025992
37463063
12028789
42135294
33835549
50219658
38749363
62772972
64607917
27144255
13677226
53124234
21009875
37230481
28556142
733569
18660089
33877791
25346314
23395222
34601523
29791356
62808448
29268478
10587248
56088342
2261400
17946216
774020
18399180
11138851
28085071
37514237
52894302
59635419
55510320
37328819
58918805
26844613
62723535
14684534
579158
49773553
20514252
61676505
27806235
55573508
64362441
51800149
40605726
7937214
18865234
8376073
48185103
55510130
55037373
17668500
26133717
47223463
62025620
63360892
9645968
66975079
35964337
52258890
3721433
19446634
36496727
28635818
39991665
21788976
13841627
25434020
52985154
32182682
22197153
22503075
56352589
15870688
30790561
59592471
44658831
7182414
33865081
30580259
42365890
13755792
9154630
37827585
17431167
62530043
33690560
47071825
50976245
40701139
30742027
2670385
50975108
7649462
28777980
57162636
42902147
15638128
45480389
3894542
9835049
7432714
39158242
34488983
36314857
27468335
64333229
33568565
60273677
10563371
37227790
5196156
45170751
12190307
66702939
2868392
20699967
46722141
28631526
32852261
9518990
9422630
52083143
17444597
27843677
65309688
36906829
10013466
15667473
38296328
8707285
15811868
60532277
6733765
18898860
52536074
32640055
66244377
6433285
39446563
50962218
63722649
14441145
21947383
31187623
62333671
35859929
27091667
61713748
13733825
12523790
64234330
1946483
3018399
9597542
30874013
25743048
41025037
7518590
2026513
21724856
41199217
49069085
64394321
42729619
4848136
7660952
6704354
2462965
5764508
8217426
29859915
67072488
38260011
45546059
24255671
5839935
6136974
59873839
53424880
42662474
13023466
56479471
14503940
23660653
39959758
31894768
60971877
63816396
54833078
58850450
32200580
42965373
7214098
22820166
58797450
21324506
3697614
36973966
58012163
15655229
40732488
45914061
6640714
2258601
3206214
54438774
65036025
25776972
8450976
16821728
9962632
55381186
45040552
37426192
35450344
37966548
10371432
38119495
23016422
45618603
66451896
52902347
46368377
20972547
5320737
31344012
23822991
38376425
10469212
53377806
53246878
43031929
28261048
45278298
24279499
19397549
35207361
45437237
61488062
7602228
13677653
7979154
33637726
61589864
40982851
33375536
4730098
22487005
47177913
2959544
6958627
44175333
17892840
28710736
58959360
2997776
63287282
18761994
27651145
44531500
47427083
29242582
58816880
22235047
37526998
58017543
36694077
3818122
60919696
33128138
17620891
57969476
35572094
41013973
19718174
17989782
54582860
17100158
57767471
40040909
41367569
55513141
38126322
50681173
62479255
3302102
5998333
35492552
26963463
25858616
12850265
38591709
12829907
36811028
26148498
10701984
15002060
24219498
22429930
56294824
35912159
15259049
27252724
16526075
44061803
49234255
26609881
59993548
33940739
42507777
27598484
31263881
19119973
32495455
58118624
62240949
55801434
63120226
365290
53478571
22231755
1368109
3702904
5195998
29409694
31191727
3244618
60492972
49327103
47959722
44893744
28992162
32662620
6629417
65299716
43120098
59703686
4176046
50365536
66730991
50612686
46207111
19392095
18907075
31153795
45391066
11067980
60919680
25658001
54301828
15983977
14184238
4853939
39606423
19583932
56199812
8358093
8070357
32103818
56565881
10508039
55115710
26266722
16511099
66408590
45799010
52888622
47542782
5615943
17838343
58257460
30007710
44999520
20438684
37319239
10576674
62006175
48470690
17616382
18799279
44309045
12952449
6313195
34507944
53366424
58776405
52917949
10908250
26493099
58396024
5960060
15836224
58509429
60746296
65845
66676025
21954727
46338342
65831038
64447587
17450869
4995331
19338374
15551250
19955532
3223266
12496064
54694294
66100461
31041690
61433539
43517456
44963439
52490581
50993756
45226461
37152236
56572083
16417549
9251432
19257640
60181302
57689563
23328553
1441818
45383931
44590408
36381739
34283735
32763079
52545703
52888114
15140647
56491034
16755354
57454630
28586546
54455186
46186961
26345821
15539258
56232525
8127309
34881360
60561983
44663056
29781928
53306281
62886711
10270626
356602
9572198
26902594
672006
2423852
64099593
126356
9908665
19250426
36115825
52838027
13553179
53107447
42323378
53178137
10010893
60388785
7961710
30284996
36126966
29067314
61139705
24261411
60991535
55763670
39934808
60711983
52357693
13692976
49823948
48045405
39923632
23394789
34251844
28104371
25637246
65577832
19823391
8679696
2923288
65702626
61662302
53848807
8007425
33422329
59059189
41963104
21152448
52970950
55451351
36783102
57053082
5479005
42955387
35281749
59250250
48717752
53153468
55761481
29251654
5263955
49534862
53299998
21996801
1646887
50206473
42949647
56841548
39127170
18707412
35426951
50762777
65129681
44429761
26651391
52152534
1898205
2989279
58989060
33454115
41847154
25527418
17855090
52042793
36898672
55714708
56692049
28489162
23883852
46828021
42264105
51011382
52253958
66442244
5613380
54323739
38683731
33825771
39744040
17936535
5876318
57939713
23580819
625221
6261365
47675151
27556982
20415816
35278288
37361186
52788929
43665665
992304
41321392
61969056
40534691
5568384
19736193
15360795
46425836
9744717
63413634
22238649
56904017
17709011
55886199
64441371
54304712
53725590
31925242
19006944
808557
40962185
34754373
37260629
61378235
22633807
15752926
6598581
11618716
34133401
49150717
39246164
3628143
4282655
2928316
31970287
5389407
56599604
35513343
38780605
25711765
20864540
28007391
58951624
65139952
24822586
34708381
15106114
4148428
42748057
63201463
51306543
5900376
12927359
30189717
2528740
22488089
7740692
15184428
9315180
9475373
22559004
14919036
53621821
48631875
47138747
51221562
27711259
4560350
23339520
53549435
38536720
17934238
37072037
12573583
25050001
49092526
46712798
1139246
19023567
32779576
47597911
56191963
65260542
17485748
47886451
7439956
56138886
6056025
1739694
12075871
62094166
52975530
25523594
55250359
14819765
44400898
36717565
2232165
11232312
5466959
39346694
10392389
31150760
45084180
47326154
2888188
10821321
5430011
26436595
31730467
62143115
24098771
20442260
42659430
34637500
2578676
23330634
23947844
23338776
52014342
4051132
38844337
38352566
38228056
6885765
5184382
511343
47984972
49359097
9650037
13960529
39770172
28215106
52386327
62011214
67102267
52973566
64110082
50910682
40742033
8380152
39407878
1675344
24261979
11678792
54413167
53682275
55488734
21406511
65873106
13674337
50257964
25855811
24078919
107624
3504093
31096116
14238774
17731518
25619848
24549147
22945352
32861999
56684160
48456445
27233380
44071330
55845669
34709612
16895122
56752946
18910247
38697534
60448379
44307158
7247534
7721623
62121182
499319
63021466
38162263
66228663
29195627
63523276
258092
23443197
36615938
15502223
62109016
27220385
14670732
41329249
53088291
59674446
24406790
33545399
63179022
31495161
45725791
50134561
40865707
34652192
49383114
65639210
4369546
58664836
17427865
17254846
84483
23630373
64927073
11264843
38078675
36039656
26608184
5456142
14005950
30594181
39054994
22831755
56257216
51827323
25563867
24738449
5859927
50945525
42589123
34238072
54685497
9557735
25236094
23376058
63867394
6911575
29321591
44387526
11542383
28474560
6942613
44960971
62259004
8130377
777141
6440894
13114047
48336627
48733801
12447520
45422148
37771102
49042260
21181751
9833534
49364710
49912934
1585177
19644381
21276692
24587963
23303662
14879615
6922707
46621817
36465377
36249649
59692927
63058570
37472809
11802028
39314362
49443640
47813267
4978276
52736133
58834264
47711917
3122794
65707842
34419376
50496612
39183347
8838651
55907132
24518293
1442858
41399022
7112127
16462457
7876388
32440886
53303043
18882618
11439882
42187533
56792448
60420975
30082709
30822271
29171840
44425133
4784693
65865316
54800967
54804630
27573432
34825388
16290958
11318110
33121366
62193418
1400173
49630177
810783
9302727
58875785
63501301
57428285
28055330
37266042
46838009
7508538
53017407
32074970
53181116
35184577
61590108
45205724
20915223
60930122
32897115
29653234
51283991
48106078
43368972
64613484
2328901
24674108
23028011
54447232
39417073
10484879
16083894
34109771
50239833
41599376
12279547
48436114
30278728
65122748
63576566
37197828
47541291
25026488
56595455
805105
54864731
21569547
24634034
5358165
12372733
36119528
41249304
54617918
6238592
64520674
54034326
42431779
29993176
23739952
44952840
12527915
11843803
12153668
13573578
65179123
35591309
54896679
5170707
2093499
51566949
35820849
17529033
34569108
17653306
62865118
36889154
52158714
7384137
24246668
60258871
21328874
39593015
25856085
28874403
49517816
13245059
52377778
57378488
34471066
65115839
36018058
949274
25863163
12349356
66815232
66556723
48737708
53670655
35544103
20123768
47920798
48960393
46791180
2807636
14784512
40064057
3035874
49807243
23248979
9246290
5156186
44334547
66436696
62814822
4206102
52038713
41254961
50660481
58620002
29089395
25650391
58758703
4861643
21302819
52880347
26156097
17339242
66364310
27852536
59172924
11041510
21212687
64123800
41054016
27914474
39025834
57573978
13001713
44702843
24090661
29533211
23209116
12275758
24138672
1146986
30914102
26796482
15711007
58139335
3883133
459233
44189583
17447717
14087347
10391873
27832017
42605842
3650146
30809395
34585306
48629247
45755095
28399012
31334213
47773291
36355917
6256584
8096994
51029203
18448056
43999678
4948656
54778563
48853835
51020011
729134
37384068
8008778
16651332
34313667
51449636
36391203
42717608
45068106
37213645
43243141
1857267
55768230
53651843
8367696
55551864
33150829
35534792
3196837
63620234
46513046
46864790
49786563
40187009
40661433
23739270
26119144
21853666
38280439
38454055
46830335
16850600
42470017
15633748
61367877
25117374
60198437
63470768
36108577
58566204
4694911
51779636
62326293
51920833
9008205
56751735
47417782
48738815
63542383
25576020
40149479
21906337
13327178
47081896
1090418
28217528
54797054
1784269
17373341
55266937
50348764
9451860
28117251
27729064
29410871
49730149
23368114
8668542
32124556
60580353
8745144
8776814
21694048
24351755
34719311
58087362
16618859
14355165
32853354
55913492
16689830
54200522
64256444
16538428
49057520
8354122
8641798
48913815
43946980
34169580
49835340
13313275
21237774
35742233
23470537
42893316
36409644
14373284
15202914
1327664
31237932
51306188
23624735
61456848
33366628
50079578
55405748
55952086
38910521
11227003
3855818
12171591
53776304
28900249
52330421
63936334
22495630
51386097
11961018
33458885
1715319
18300382
35435290
18956696
15176999
62223951
27561913
28971998
23054124
14883038
41754671
38503996
66208685
6572412
34587030
7659633
18275290
46315670
46512104
22073121
50729542
52827347
31779755
57652375
27475686
24736561
4119454
66334299
48975485
64393800
19892359
7594983
56370751
30769976
57544256
1760717
65098936
57289084
2854074
43850839
4211443
29220562
15738752
31173295
35480639
2691901
44215270
14324784
49547767
64691474
23285300
6323756
12355768
48372805
49012465
56763202
55324261
22594653
35458487
43500308
23547847
65001441
39520731
4842306
55203019
40936223
7275442
4254026
41533360
54216844
52497742
45365944
17259919
64477238
32874511
48812339
66353909
36996000
63150264
50060749
19954511
48663479
44173773
66272885
31738961
27927675
9177144
47898563
65709304
12502377
5557443
55217929
20006522
1672308
59389081
4275622
6278014
53495403
64090360
4557050
61075296
47690112
62207828
12726393
24518630
64740785
16446166
166197
50076205
19998877
49281478
2125519
59264756
45861395
48135310
24707498
42141197
49640355
7432132
63941160
8582386
4441387
37494913
40163381
135281
1371293
67006666
48420227
49236300
56148377
56369954
33436489
42602883
12029910
64163338
62737697
25140576
18735117
35188990
41810093
23472984
64762985
11955107
25449921
20538358
56280001
64702374
105573
52881470
63248398
63914197
62333689
48518455
1474680
30715740
5799398
12894992
24949730
31469342
62547851
54910711
63137780
26112601
9865531
54203493
59636458
10956079
33912681
20492184
10253253
54515507
10258073
45712104
41650782
40904181
21590965
4589388
48541533
43508238
32681342
16787614
57662599
36187352
1972530
48580264
65601302
19036767
53287151
23471673
9094892
53218111
10432558
54698700
45342885
20368145
19818838
28942428
2408733
27020778
38766528
54918403
45211092
38652856
11467855
66939533
29104587
60637250
52921683
64212503
2943767
32422524
60389532
66832743
48357984
56487849
13186939
59022284
41713815
38178290
41245670
14130784
6076842
35052232
7427018
49759459
10190717
15485702
60556237
9612791
38846125
3678519
3804546
3372934
55706795
44051707
43181314
37301899
56266860
47471594
23029849
15600867
15348270
35557712
62367514
42306855
10777141
9659410
24100121
18771076
40628143
823896
29117348
59041763
20998913
5335762
60742634
18182311
39838350
4332964
47473811
20911042
8880371
52850322
44033914
11282886
24618851
58371692
38512401
54818009
27022517
7972649
31462635
22678012
24057407
61106874
118106
50896068
11858473
64482038
38949770
30009872
59933562
55773956
6193193
10293717
5635713
43451186
14513949
11766426
1602187
50431230
42407438
8956879
38478865
11546036
7140344
18314199
49850251
25271647
4969332
40510335
27984092
42303823
60755923
46591157
64516055
47672445
6008712
26184588
49381096
20995598
35027033
6610121
57172412
59404739
35846008
14364171
62173770
35391628
55651049
40877253
4856495
9169178
17615760
32230276
65903380
40339926
40896143
1600747
7145439
64865700
50754748
5859960
43186942
13385669
13916867
66585764
12726651
55828774
66567858
4833451
18966827
48704457
66278591
32248313
7384831
21782198
13284774
6350517
36454793
26393339
16050188
3895055
8226079
62677927
18853792
50778273
48313467
65991151
36178732
37211238
63820016
31549818
20368499
56460623
26248275
17211334
37089910
40898035
28383151
67001679
28796421
16916448
52614809
685850
57188459
27593985
14034201
9946481
34254637
47314359
15690646
52287705
8692520
26845754
3987897
55226044
55986887
14019972
16579696
42783371
2253423
26036000
43079541
64623096
3831986
16644531
53197953
33812355
32620807
40809334
66102925
59622432
19266774
37150197
36537658
60613882
3075726
1226360
33976938
1343679
7505831
28692804
24943543
13305552
3635215
59496581
55423384
8286423
34547873
48528030
9584060
29032360
57431870
67024934
20998226
21493211
52159168
51794203
23346930
42502652
59367776
33548332
12904164
27971525
55728365
14170910
61877729
38204825
40457408
53547388
66970359
45910600
33643410
9665806
4354118
13862226
13993159
16362879
14262229
7065782
9827543
46876099
609645
63851850
47872918
1269777
6483615
61609287
909576
43988393
57945193
22007110
32947460
58707671
51679692
29780435
34693860
45397978
1379338
20825273
47162346
62887011
31351828
31022035
63392980
31473314
51162778
22911228
61531673
28067035
65508665
6363718
62279666
33648790
43612440
10009586
3901996
61234189
59423938
8648910
26419480
5326486
13472865
22321339
1646818
33504629
45846657
34413513
21318147
63803178
17249328
26268061
22003413
45620156
33771977
45944878
36318007
29912446
59440178
11959624
38711653
8458023
8159088
56590708
30246858
32299144
10467442
26287113
2183392
34462600
29750954
34498117
51141681
41869948
62549099
32122417
25868344
58160929
38157901
21055882
26129442
1409883
64601072
12256874
26592829
64495785
7606404
24377906
27860928
46952825
2432717
25933342
46827
2320548
24197309
11889512
11255668
44885926
37369381
8888991
15880217
41142012
14970889
31341419
65905164
30168601
53815767
58852903
43101607
32821848
66806517
56025409
34615682
54034684
62004732
27193805
56927814
45984516
2129691
58524424
66962694
56805018
28185427
21112389
31362043
51469945
54855261
42345020
65306805
48039685
19594205
52164830
48601697
64700870
27135221
24574091
36443584
46588483
33345913
57402391
3421927
49581520
22720302
64368429
61672302
36130147
49681011
53368228
66163764
30305055
13988180
14276294
57520345
38203071
4964790
10300826
16683429
64645882
18774431
25213240
39835295
25547068
48111995
50912870
11185484
42895529
3724621
53077079
31586496
41392691
14346928
56905226
65189885
42406581
11322354
39504642
34326488
53618077
18695992
32886251
17626019
24652607
1659847
11315840
39615663
30205275
3730013
959935
20342398
29272692
60549057
44276053
61169888
44437430
7438000
5084118
65671280
51697213
60486342
4532551
2128440
64968992
15027144
54951761
11582039
30859261
57109684
4747456
61777791
63559158
45396234
6286854
23746913
37671978
16095491
35147435
26252346
13843828
35261119
10952339
19510884
8850487
20987478
6342881
26537328
52350159
32400546
42933807
12000199
65056657
17610994
8583196
59562285
43727776
66108309
38024411
2767630
24910095
17629320
21729811
58260746
41967504
3330393
48985138
50183401
25207946
31889649
19435559
7281123
2259473
59987618
14764705
7829363
36677076
37072609
20556106
26617318
3576785
10824523
49788527
60963952
40357597
25384832
38246059
2903365
25975039
34021096
64412155
64144390
45472298
24087448
5621891
17737779
55243594
20965851
52971178
31598396
36982773
39570204
59041642
23276984
15774092
1848588
3081768
12895635
3190916
9158594
36620535
14102184
16171815
45299492
46773218
4427041
49197682
24549698
24795897
66815126
19303264
20550423
42709385
14484940
7206604
15019579
30181504
59599066
64293413
57635627
41270303
22968058
24878003
47678012
9016840
65302568
11894912
11963075
63505091
834657
34945773
65538585
64905504
31817452
42369770
51210554
26606562
60831665
9078212
123741
63559390
24085956
65930418
36617750
66653228
37137253
62175896
19157877
57948162
55177389
3918742
646421
15236448
48706343
919526
58719247
16685065
43618028
50515526
15930902
54999614
61516482
16564978
24403744
55422383
18501619
18393381
35922250
7157118
20112723
4304276
10677246
6946888
46043566
2744410
46227391
59527845
35297088
48592176
31743888
13360292
2845685
61455978
27716691
50533831
48178022
44244572
58278615
33854350
32623008
2318238
62586734
10670599
7809667
56196704
41731126
64234513
372292
17402476
19281973
29935261
27507684
13386139
58233967
25622701
35209342
21962681
26190366
56156201
38532661
36069120
7502116
17079857
50769885
57441113
65067155
7278383
47002887
57777154
614510
56797133
22046312
64187742
32730469
55908668
29153149
27841105
40152547
12210979
19122546
40651750
34801189
59647333
7419783
19947442
30362512
20827083
33869401
58537831
4809235
58278484
5537276
19722713
40749332
13720176
37899405
3230958
19921979
34694479
53823646
50012113
23680214
30516684
28953259
41813919
17812228
50675415
29171726
44242711
40025918
35607784
46890290
11454029
62979468
61542127
33270780
15978589
32620285
42708321
33213323
48542357
40753388
24912261
35481527
4469520
64675896
42999252
19459757
49445242
58741049
61213038
10874320
6561943
51075096
17212951
39066638
26753814
22844014
51595222
65932708
35965408
53720852
55312534
46643248
41840926
3356502
65865634
17558918
9637059
24090284
19037891
19590082
34535578
19434626
4616545
16472249
60423802
18611814
55147320
5429005
62102241
33102329
43819071
66694321
59566968
28412611
46321341
41965898
63843779
6943116
18969325
44602968
40499463
58037644
713969
23885993
45086729
60329618
13991925
15869028
52311888
59032948
10954370
7482374
27936355
10882340
39721318
30381957
47794816
47927197
8152731
37353802
39803794
2726445
46851484
45142078
44290359
55125973
12960433
30427560
63905235
132916
23333404
49099791
65355394
56889541
44741548
18563256
7397845
51130630
40395480
42484699
43733514
57096245
33113782
4310051
60623708
35644596
5480143
41263099
55403649
40080283
51152289
30837266
45225578
16618197
41591700
40142267
8903099
26610231
46844247
50980310
34797857
22442134
53580330
26844853
66361024
9690707
47068536
41061322
49380065
10772877
17896051
58896826
32034714
14201388
2337392
45982591
4402931
52495728
42916183
43301425
15898148
4551043
54238008
16169707
3637366
61824009
35944759
63663612
52820113
938229
19816130
61731729
16364996
62957765
21912557
16369095
11058418
36086535
2254315
50817854
58439669
7348716
63442369
44294364
61356355
55465021
6536475
22853869
15502820
6177595
6691529
63096573
23735831
17795692
14847845
61452245
44839463
54201139
11244931
28674630
29664700
59451137
22791361
63148893
30872674
15268856
3973426
34568926
48873505
38701737
50625429
37691565
11885252
28837993
15930347
43319211
56642016
47477201
9510313
36499391
51256338
40176207
29159786
5591762
27502668
10947152
38059992
36897559
3022106
65043932
44900582
41495503
58086794
26181774
27005136
7631669
47014146
38144860
53867324
65210797
37069082
41456623
52552008
36619375
10388307
62791877
33277785
34605610
37125682
19627360
66993350
39000295
24790227
30546820
56430125
25505726
65233014
41855157
41473922
66207230
48816647
40215855
55491663
8981043
14770640
40181564
42340397
32222259
9846871
61834633
35870031
22902351
51254050
21757083
41214964
3146486
51836322
28693209
59147365
11652935
51819825
44791713
44816535
31846464
55173970
60929001
61134708
34132123
49690631
44363550
59258682
45933393
60135106
25658265
11777672
2311233
22308557
40002330
41149883
32277499
55687732
48745720
25833387
39922751
57359165
5732110
22932335
5825608
65098119
12849393
43094508
22466615
7392792
4419213
6626953
24693601
47017885
24161067
10855255
12927078
35877108
41696312
41609690
52271687
17455171
20014545
18665484
37488770
61349093
38024017
25218079
6996958
34847349
41835034
9046645
61600755
26565648
13487598
37202860
22444922
30882891
57255419
25131834
57764184
28464173
52265393
52055916
5663854
24652530
21507442
12613471
42610537
35960790
20714350
2327737
64366734
64800344
4429815
52153096
43762232
31730725
51580933
18061511
19282401
17031404
45970930
19229675
5221037
30304944
42697468
19713251
36237399
67013352
32667320
12089963
17285897
57889771
13750813
25610214
24805885
42919863
49407443
53701779
50522653
14656721
42620748
14058395
9788277
24307414
32588759
7976996
5118977
18308454
35616642
30094913
31787235
59226351
13280543
22600007
11937185
26119602
35197309
27779
28369889
40880534
65403219
4973586
6758179
15008819
22280136
47951760
20649622
55348664
47449440
45738852
49538380
4245836
57410244
18497759
14383151
26544180
26597967
28076770
66376338
64920565
7023246
16981023
55102231
13297976
33453392
26394863
1989854
40378725
53969811
63433410
32308549
58959702
23077291
18424927
6901842
21262406
50279135
62140233
58455254
32321514
8143757
17826418
15659315
25191636
14660673
17578904
59644863
27182056
64228349
3779749
50273135
46523370
55430152
37480409
35814615
33949278
30771504
42748194
41183723
39276313
24300024
55521625
59017450
59922762
46706379
49186701
50869055
31681425
22901910
43801179
2655310
2042193
20198980
30146038
5023338
53130076
661719
3597289
4946594
16463383
60757348
54495367
65716005
33593514
65786709
44522272
17714911
31486706
57941779
36979486
31022031
49763868
61938669
25521761
55860607
33796647
44286642
24532086
17888721
6779466
19584654
29319808
55353756
2784184
49674874
23751952
47380870
47838600
36170563
36045977
12451253
39163868
18571293
64894817
26274914
32570477
51478522
5422562
50716589
23148152
55055946
38950371
14269273
41042764
58865219
11166309
13026603
24328076
46594270
31942676
27807912
36482786
32390960
1760611
59777840
21659051
2690764
54315507
21438217
19594057
55248772
62578386
11315304
32003015
60132871
17832284
26882484
61273564
8309488
40805428
41950296
33201561
4254697
46141357
24283654
12874505
44409943
11408446
11388929
58284028
40075456
22141442
8502022
8709255
28169100
12805388
14303664
4034879
43216831
828199
9397564
65834222
55317499
56670040
4052450
14830856
47031605
61270595
34914773
31438153
56529461
58581427
51171117
38070384
11287205
62118664
19512745
53932253
57070422
29693891
57291683
36512324
22003157
52967517
24328766
54751088
19384132
46831617
26066388
12943335
30049829
41911572
33748505
15998761
5869325
39484741
42308490
50023448
7491560
12969002
47939543
44834768
58587334
61658161
5911929
42740163
61503102
59221214
32190266
2194100
32784225
32643342
2305037
34261189
26367332
42612820
54400136
30704236
8704091
28508229
61531938
13873829
33639043
15280886
51007631
36620101
66477333
30470039
32229335
29024320
48630085
6240255
5690244
52352320
23140180
529912
15348795
16564599
11586813
7844904
26459690
50081358
58947816
60718395
20465601
24428557
16224206
45537713
56628810
53996725
26311153
57502409
60966310
51381003
265424
18917664
43230553
2461058
43624564
47768471
26380322
52016143
28739749
13465722
9098023
150616
20819064
42407175
41037869
24909178
43960445
1261182
6137943
59334975
54535729
65465829
4813611
40947809
18699765
49979154
5359250
54873402
48987776
51061534
41903389
23706754
18502974
31524483
59045116
22174070
56121437
62407198
57661259
2695700
56609826
46385520
17103290
8830096
34378687
34837191
37434440
45298081
5096463
3992587
36964438
21685312
9105809
14953825
15529307
29409429
7211964
33894661
44748632
47076528
4212106
15147320
45522970
48887525
44850250
335254
42096694
18409503
23060695
34038201
43636068
51119869
28017680
45969454
8064181
59104880
20366448
12423717
41069443
3705806
62000387
35808994
16479465
3210161
65571786
44836679
38126245
51116211
59886013
13176667
7502791
58641866
58458563
36838655
18989218
26156168
5213560
43627347
50534911
15718643
56139216
24281120
24820772
63258292
22893969
18199746
15730498
61238711
27443460
3046184
28142090
14523048
34991827
12517127
56878913
29477976
21379780
48227057
41529468
7907030
14453471
40008435
8716288
4410987
39053940
64038378
60520506
31182382
50428439
26200837
12603644
49706178
18942221
38078114
65417374
14977580
9574835
12231293
12538504
27420249
47550524
33056163
63681282
25770743
45770508
42079900
10240298
58282818
32731872
13438124
65363193
11248777
12161392
17323471
1097679
358817
64172138
47977957
59157298
7762036
45566691
33259160
9273114
59738985
1801573
35768901
17940258
39456425
53594786
57522466
52078188
18830606
36588503
2273538
54625769
19268367
52261481
6772343
41836985
24378106
29397293
43499162
54367455
46768701
13334323
16651989
56993554
996279
26633138
25336490
63172129
41926337
19115855
36133274
24987553
9147598
39470217
9530348
60034932
27967109
15745387
9901291
16518468
29992693
1101461
43772125
65391028
15218923
38969742
41487672
53354468
16007179
34976150
16449384
20292183
58226550
10625786
3089931
64260399
39146310
57209060
30651509
18101494
47536180
42820082
6568606
61474388
53517602
43513316
43145428
42254799
26409114
23371694
25498535
27315292
55584971
61445757
50130461
51414595
66380275
23334401
25253659
56149356
36120124
29844901
25620510
59188016
43453406
62537414
16689779
12735473
7115833
31562642
49498042
60135132
16536254
56086333
938289
53439717
46548262
57482206
60065464
58799006
37707832
69555
44132315
40781285
59611897
55610689
53380381
18768448
46199879
22946058
7339674
9376066
10725681
45251918
32047398
64343229
28198547
33177638
47144755
20276334
18469445
15774177
18542396
10556793
7238195
41485753
42062586
2420802
52768627
36874827
15387803
22142835
49179321
25201216
6742524
2569155
13155744
31709932
28141999
49255091
55002485
56202463
116943
49684929
20786355
29144973
34282752
51661689
2899421
63785472
56415068
10600659
10100300
10304601
4472889
18123442
591335
50712262
26294454
64206957
56789078
33856963
37845809
49878682
32608886
56505203
53932564
61983267
24974509
53621391
43447388
49476812
33349971
14301032
24417714
13958756
15169162
28556435
65585642
57482207
54389888
18356062
53750389
66936965
66591703
40231436
6339404
20596680
14844377
53681486
33893371
53176412
6626872
32852335
32030808
17958154
41954659
44964767
4839503
5817122
9497982
14727569
2853182
13576499
6370600
19796369
58637443
10137165
33282338
46411029
11966857
30615957
48598175
25629310
59427911
8749698
946654
1976887
21367658
10382405
24188655
9161442
32900548
15391036
47226529
21177252
14195782
31424885
23448231
133048
48942281
41169838
47236222
59902188
42109151
42193556
16789138
1793491
61375203
46135668
31405493
48865760
55032109
13983607
55661679
27575304
22120831
61077360
60485680
13754117
5842727
61374754
19601314
49183383
54748012
53258056
8415000
37449310
54991099
41069205
47891682
22413762
18321515
24168289
25244722
27385821
52231882
3188694
61131660
56540239
59687431
46632494
35558147
61003123
67081500
48063365
8454562
66348184
60602355
39536607
45855418
9618144
63703809
4904241
11248968
62158088
36456984
65597935
39799009
14248310
32279352
41051842
21102362
64426488
34334194
50102730
52745534
35018496
21743828
26393672
48215319
45780434
1046265
27543435
29615353
44721545
55353192
46521365
11865736
48533066
49115156
40457675
9202899
847208
33914454
24446507
35173446
22013008
14425418
38871725
1344490
23088812
9626920
37802186
42023432
59946309
19075572
9720015
64940608
58327232
44184692
5749858
52087540
11584357
60254709
12441262
30347861
55105712
39276742
11213182
25725284
14085287
37129919
9612083
16839221
29910279
12497799
22480183
55407525
22483573
20967506
6940489
46033538
35355128
62563111
13063817
29349872
10600514
10747849
9698931
25071605
42246222
16337036
51712631
1533530
61966987
29107280
26323212
42938875
14412175
49421764
65714029
33743969
40709782
8929432
37100179
53435457
39542523
60856884
38446853
51983532
19720753
35165031
22897166
55539204
20176642
63189669
1960318
40170188
47511946
30738657
24667914
26338513
47597893
38561972
46964318
33054673
796553
3155158
26948692
38464287
40008591
41545915
13490326
23771258
54287542
18041080
56246712
44571405
56155060
21091103
63776681
40687620
9732031
56352763
48570452
46454797
40633466
16625472
55108651
24885630
62108761
23531717
55407338
56796389
52916088
9561252
58388381
291821
12680577
52767533
17369134
43136873
6285530
20024085
14975695
24122577
58704143
12259011
34795231
29139685
22203344
505672
18371961
26179529
24935774
38758856
26703611
49588110
48392891
54366443
23068170
48829288
42180314
25965983
23211788
58963419
8389228
22889654
16952236
8105846
44318014
26493513
36034608
43116764
25709388
36615154
20429664
63633992
35833299
21095336
62571279
60498247
64671339
38316073
6252576
3290325
47259455
48506276
44337612
42318512
21917731
15137262
49511815
15542357
37905789
24225586
5114513
66939869
45625163
31783555
47456652
31610482
3038874
11160012
59568167
57019381
51620795
40162621
9489833
4821267
28495700
48110652
20218384
66162444
40777198
49382056
8459495
55403970
27218705
23576838
62557765
64271701
12780439
48412618
51605873
24375213
59575675
34055944
21299159
27751400
11911280
50834553
29641519
47299550
33581229
61312565
5030333
62599893
13763032
42895236
27823648
40730928
36951024
19262831
20942791
30153701
23118536
63389966
59145637
43284837
36799920
5990009
16805689
60144049
10856583
8542833
53042431
46046822
438631
4635059
22517403
46458064
24434528
55356473
48393473
30129078
27540381
50453805
47271397
58121546
11380413
29082934
29737492
36431843
29807637
14453994
17986890
36896847
51126550
38216322
65459365
56940355
9860300
53038359
33302441
24192216
48787544
8454773
64630249
9034531
13948523
29381590
25721087
51326123
65231976
3386388
27335739
45247644
53738366
19697387
657942
4789416
19402887
50907083
44528857
30547959
49237229
64258562
54329411
38878382
7747719
25595841
48897837
47628527
26069366
40794464
9876354
37643283
51663309
2601799
37623836
44055623
39802595
20107989
6371017
48571407
40426802
20441379
57614831
13215429
49184654
53958218
58232388
6250813
12989468
45163116
28095851
35455986
45477986
19889549
6200792
19903296
26311666
15920098
7160972
27549947
54025779
38181566
16103272
22170038
30059845
15766986
48387863
50008250
20824893
2209908
34076367
9008207
11073944
29770119
16128717
24222148
57636740
16656904
54205398
64405920
21537891
24927977
39787133
56177219
32694404
37858651
30120396
22086346
32065213
45530823
15379182
18546488
63338182
19388803
51162786
59354668
62310818
37541840
12562393
21819548
55760645
21778788
34420212
33141039
37338055
47467792
55835658
9577079
63498305
47862999
20507669
36066861
2263005
46793042
2150957
48019954
37043159
59244864
10832821
55996229
41273552
36023018
20684781
54950162
36324457
46472275
1944452
62109820
38091761
9841943
12895160
34015426
36845865
14909685
54899136
28074036
21737151
35452939
34364727
66203467
19489081
35329327
60690167
4911748
36440643
15503409
48990236
6910121
25568701
32079226
38471600
1561379
37659772
4280336
9373696
22929580
51525375
9916534
48269912
6965945
25553843
35859682
66680099
39499593
59226258
54452362
50875762
1844323
41450852
34166063
55544139
5808113
63224436
35667000
16481088
33500162
18780080
13723856
62797702
35547855
24338650
18361573
20572474
2773253
60770104
53786258
34656088
60315853
25644955
33640623
64610832
50448647
61661660
55170948
51933744
47790347
31061735
11472820
12285912
15376936
21623047
42739010
56630081
31129108
29840438
40956396
16378570
57843242
33791145
32953518
52031334
13312641
46505351
11956895
40828474
32372431
24853340
25936529
53767535
52296410
65239664
4894306
6735097
34811121
17556115
14695357
59562515
55585734
65466615
51393959
13923811
18892859
37581077
44216435
35091632
7979699
11299355
40822849
48883070
62902056
23175945
41961144
19916315
40341471
65166956
19269750
33302802
34477928
20098913
6852851
23819342
66442479
40758181
1195986
37716576
30603704
16649467
37781463
49164145
65021577
54835274
31678043
49147484
42050795
64117624
56483009
43952271
46949228
7095856
58539289
64780254
51806830
47968032
34922912
43889255
28901772
10460268
20450195
8547989
60182860
38719296
54426710
5902217
13949712
30680425
10010110
15234383
1301721
8002459
15215640
18899986
4144477
1555779
18653741
29651875
21480635
17093521
63328829
4293631
8783498
37730533
7583742
9549813
40477774
41303780
15717847
39793288
15530520
39455586
62971843
18080730
57080073
18405293
57737482
57623736
37755003
66396722
6790162
47474549
37415009
26629529
66935944
19865928
32910417
16020068
56666091
38160245
62243189
21390253
3462989
16858865
46860720
40496457
26008259
48510052
36493241
49213534
37975397
5120564
23831632
22287529
53478440
4252126
57568298
40080853
35384793
64741924
24976545
29648602
66621516
30404467
7327481
6996337
22758149
14354374
50889833
8960322
676446
39477882
31937241
48349548
27590798
65120947
3489133
17196068
58015827
32499805
20251975
40347604
24997313
25248486
43604031
36491295
35603284
29201836
16339655
66897873
46059657
53567251
30948051
39316230
49134775
51003501
34355011
49068131
5482417
3106220
22165072
21628903
29392627
55710630
29079346
12987057
37227536
45743096
22561582
17528920
14509428
63563656
51143040
43629002
53691140
34437039
14187643
62025688
26969668
61478309
59268535
38841069
5330832
32782315
63487783
65529907
47508805
65204398
47313810
29815589
40555338
53015518
34080550
23568712
1012033
54876107
46723041
36464154
13987525
23146182
21676862
31839481
14085669
52007295
15482429
4094211
10797653
51958544
4572899
37498401
34979277
16905805
33400168
42076839
325521
28307626
56973417
59424815
65271234
37057960
54789869
22835443
28549598
53715900
52502390
59250873
61078925
22032611
28061748
41737691
61458871
12979148
8794593
60327577
62080883
10077974
35425192
48538804
56942530
26461355
12025826
16815147
8996736
5145852
26453006
14822328
11019575
13480919
9925172
42981132
45577737
37756534
782653
41637249
10000992
36765166
28567393
15361309
28408976
25709767
48668048
63412999
33323415
65824978
42241635
31480149
20863276
66038797
38761352
18611444
49609999
48728605
33066128
2094597
51897807
3151730
45586818
22617613
34603832
53466466
33852184
28490726
16872795
12881302
24283157
42723393
63420249
58942278
40806818
60331122
8360676
2153056
61501476
39263778
44606427
59295126
51858500
44414207
48919704
38177455
10865822
49778353
22665929
39555832
5049087
17089689
53360604
7612354
51875508
57801314
49834543
28727039
8640359
40832382
30082765
17867980
4751765
9297689
59338532
14695176
65085311
3958566
945134
13476487
27843294
53215793
55904050
37929747
41002912
463436
61281707
6643506
18029203
9252352
63230408
37811114
29650251
60860288
41364494
28981213
32772050
52093380
32480939
52788682
48884838
51112722
40976203
56341188
39834075
49762062
55528138
1801424
18833630
53439580
27294575
41282716
1570447
11244656
59060745
1122786
42593186
31962446
30419702
21291130
14560632
14271064
5984480
17398336
30167663
22326768
4506612
48102501
25419636
18670289
29080550
13340396
16927873
6515772
11396617
8335010
42236313
12304825
35037916
50862210
27766648
20016963
12068281
40792648
44038464
28711793
18634843
35171432
43959848
65844418
36811408
34217657
35128039
22819247
4795164
27329332
250658
2086864
42751255
53343944
46211077
63090383
57961227
64268697
53839070
48024748
14683156
18888867
64148816
50229535
36330866
35031157
18845950
53575619
60562836
27635269
17251666
9677409
24453759
46537626
64167100
32716974
63429178
54185818
48595753
47122706
5224196
45216399
16341834
18693955
62293802
54843099
18795770
8895309
51579701
47923233
6491158
58440073
57818579
36844766
29173283
47255247
26636206
7983440
33544496
34451960
9278051
35856318
54017904
18107820
16574865
64064359
22158287
17321354
66707484
56638763
32991529
66915263
5031288
31310517
15733307
39041987
2190868
53660725
40958522
1954232
12679858
15333741
45817833
47241240
19794680
39947918
54263280
19471285
40414042
28152431
38787109
37341009
3490305
19957802
55610578
23286937
30160700
65750386
11884884
63901424
63065276
66433626
50158614
8251118
7217735
4071614
63129536
65066643
65566918
1860816
34979736
62152794
22452374
11704377
3448185
24998222
49293117
6649577
45167152
9958121
55585256
42676559
17918528
64411345
56575838
58226095
55810825
3066818
37315326
43586428
63830897
2600588
3519776
28462742
44889371
27262504
58692081
17508242
51953597
12876617
53252911
60239409
12161378
5535192
61612045
39682217
45986491
3900331
39571790
44710609
42775476
13753051
36920360
11766273
8882323
34296099
9337377
16613534
57168878
7347690
30456671
34606218
18504419
11859089
16970918
35838571
27195159
20357307
63101794
6822867
67028720
24722363
19941021
40777300
28674840
13041478
33743662
6781429
25672743
13791881
40063212
8963028
16845569
32320598
8495363
8273939
41194863
62428200
60512774
39879269
52847825
11437320
6737842
9450009
64054524
50856752
44059752
66824891
60224031
37778797
53619330
48493509
45872835
31016965
4274660
51414674
56913997
30438948
50080339
54486762
31011475
3833577
37053023
19200513
63091000
41127158
61384179
46518465
47765773
33220716
4533128
26533188
14510249
37800057
51954640
8799509
30001125
39798644
12630423
20991453
16875960
28266155
2924633
13890491
37944346
64265676
11663162
46738207
27771981
45189458
52880626
32727935
27743149
49524868
26460633
63493016
43688552
11739532
53482554
32585797
37776940
14225319
8657412
35002765
59350574
58401418
28100030
3610673
44895682
61851733
39199143
2457797
50801413
26918879
4963366
18434175
29125208
28390475
45981166
61431053
65495631
22123402
63619535
34683377
46878353
59514867
3494831
47292747
1344228
41007401
63570631
35120283
27704897
34844753
24708151
57820976
53957645
9122778
21647978
10904930
48244073
5601489
9090926
28349468
48137625
37719982
29966335
42944430
49761130
61537372
20352817
44656493
60036670
28376450
32141377
49285695
36282729
48786832
41322849
16003847
54308562
64260606
15071332
30367186
60761873
7201544
44159665
4578265
43876361
49207376
27340000
16544576
24446043
38711965
37203287
5436558
36835964
8507814
33502191
60827570
30329530
46356983
63483478
17868581
43731672
26199947
16212896
46808780
50213447
59193783
12396146
978496
16834422
58314881
22518564
1543852
10532189
9230258
41357512
3378041
59770421
41948162
61755091
41650281
15794194
22575017
56181865
32047328
1462951
13702158
42447317
11748507
65552126
59410868
50885703
45788919
31723326
17972952
43484194
8745899
59157397
9655667
33284806
54689971
6058135
53408298
27487880
27492280
55805701
59599922
29902108
40670851
4266984
30852180
7087381
2589644
40455171
28196727
60541657
62302730
47224854
23709070
17829989
6019104
23206599
22930565
55476625
53487426
33926760
63266808
17583047
37258928
44376631
18303770
2323248
66363844
8148838
13696933
53125630
51190626
17707825
5227686
36145955
59106671
42600951
1694217
2086996
29868401
62171831
28150281
3822735
65433559
14790880
10043718
3784037
17037483
3093705
12261859
19159163
64603447
44781445
23664290
8781598
27206518
25483128
54785686
60278304
62522287
