20 80
4 3
-59123 13385 45412 -80537 19322 -45064 -30078 39959 -78368 15842 -27485 -15749 62557 78011 96680 -99406 -85803 70513 17112 -52398
18 15
19 18
9 13
2 6
17 9
18 4
3 6
2 17
11 15
18 10
6 13
20 10
12 9
11 14
17 16
7 6
3 12
14 17
19 17
2 9
10 3
1 20
14 15
4 2
18 16
14 10
20 17
14 5
3 1
18 9
2 3
10 5
2 20
14 3
12 19
16 2
14 8
12 10
8 20
4 17
18 8
8 9
3 15
7 12
17 12
5 4
8 10
20 16
3 8
2 11
10 13
18 3
10 4
6 10
17 8
12 6
15 10
5 16
1 19
3 13
8 7
18 6
11 13
19 6
12 8
4 6
19 5
5 9
10 2
5 1
1 17
14 16
5 13
19 11
1 18
8 1
16 11
6 14
5 18
9 20
