80 40
3 47
-67290 44524 -13225 89544 -9884 -33777 98345 -81529 8038 72834 37994 -22570 11499 19596 66941 -71534 -78746 92823 -57824 -43436 -42631 49318 91322 -76589 82394 -75847 -91062 82824 -36614 -90073 -57982 -83285 90468 62496 -50398 -40157 -62577 -4629 -27262 -42911 -62648 -11939 -3973 -64590 -51003 -31212 74727 47279 -64282 -41800 9186 46888 78649 -28964 29509 -12503 14662 -90318 -16509 -47376 -84709 -28237 51826 82237 -69929 -71922 28076 -86970 86408 37844 47234 76881 -19803 43940 -23617 -96409 49610 47591 -77373 -7000
3 64
49 30
21 14
12 63
6 76
37 72
70 36
32 19
9 10
62 4
36 30
59 71
10 45
16 39
48 77
3 2
54 12
69 4
26 13
67 69
20 12
77 35
41 19
36 35
67 19
42 78
76 66
45 77
1 33
37 8
2 18
25 55
67 61
29 28
56 41
75 50
66 12
75 56
7 57
64 47
