80 80
42 2
20528 1188 -4009 -48719 -17413 -75297 -98776 -12186 -7724 55194 56903 93998 -96442 9055 71725 -43356 -70010 -41820 -62643 -30232 69072 74946 -58692 -1407 77193 -5675 -28991 29295 -98402 -61451 -213 10633 17317 11681 15884 -23108 -85591 88861 -14238 -30580 -67906 -83934 34470 -73619 23034 95512 1339 -1499 -23727 63790 8523 -98097 -4762 -87312 -15117 -65086 -80458 -95549 37046 33205 6766 -3755 -62648 44186 -60816 25258 -20023 54688 -12301 92918 56639 -60112 -31524 11515 -96651 27078 -69708 25516 -88216 -87580
63 69
59 48
73 54
74 58
40 41
78 7
21 2
72 57
70 60
80 16
8 64
72 24
78 23
3 41
27 7
22 60
32 77
8 60
13 41
57 58
47 13
80 9
19 12
67 40
69 26
11 6
43 11
38 35
34 41
8 74
57 56
11 30
42 74
47 12
44 50
15 76
68 57
80 42
28 60
14 23
19 76
9 27
40 17
19 64
63 55
32 54
14 33
7 25
60 10
69 60
34 69
64 7
28 44
51 3
28 49
57 80
74 79
17 11
80 38
69 10
68 14
71 69
7 72
49 50
10 21
36 1
73 40
8 67
29 43
11 3
52 9
61 32
76 41
17 50
68 53
19 33
54 34
10 58
63 45
64 2
