80 80
42 2
4 2 1 -4 0 -7 -10 0 1 8 9 -10 3 -4 -7 -3 -6 -2 -5 2 1 -2 5 -10 -6 2 3 4 3 4 -1 -9 0 -2 -7 -9 6 -7 5 2 2 -1 9 3 -10 1 -9 0 -6 -8 -10 6 6 3 1 -6 7 -6 5 -1 8 0 9 -6 -2 3 -10 5 -7 5 -9 -9 -2 8 -2 -1 4 7 -10 -6
24 72
19 12
64 8
52 9
17 11
43 29
8 74
49 28
11 6
34 41
30 11
19 33
12 47
60 69
57 72
3 11
41 13
68 53
60 8
21 10
64 7
73 40
76 41
23 14
44 50
63 69
67 40
40 41
19 64
57 56
58 74
57 58
76 19
60 22
28 44
17 40
42 74
57 68
21 2
11 43
78 23
7 72
13 47
55 63
41 3
60 10
69 71
77 32
48 59
80 42
60 70
28 60
32 61
51 3
33 14
68 14
78 7
73 54
8 67
1 36
17 50
80 38
54 34
57 80
34 69
38 35
50 49
54 32
63 45
16 80
80 9
10 58
69 10
9 27
76 15
79 74
27 7
26 69
2 64
7 25
