80 300
1 49
-1 6 4 3 -8 -7 -2 -1 6 9 -2 -10 -1 -5 8 7 8 0 -1 4 -9 -10 -8 5 -8 3 -9 2 -3 3 -7 -8 9 7 -5 -1 5 -9 7 6 4 -9 -4 8 -6 -3 3 -6 -7 4 -8 -6 1 7 -5 3 -6 -2 8 -3 -2 -2 -4 -2 0 3 4 2 -2 5 1 2 -9 -9 2 6 8 -10 -7 -3
74 75
45 76
29 26
63 43
55 32
27 28
15 67
12 11
52 34
62 14
80 5
27 8
53 38
39 20
47 25
14 7
37 41
68 70
58 2
2 36
9 48
19 20
30 79
5 18
15 34
36 78
13 43
6 12
38 1
42 40
79 31
41 25
60 11
55 80
23 65
19 74
65 30
50 47
37 33
46 67
9 49
71 11
28 24
1 72
64 46
65 71
77 1
13 4
76 9
37 22
32 54
75 62
9 7
10 68
50 63
11 20
6 37
35 66
57 55
31 52
25 62
22 66
27 77
30 67
22 60
76 19
66 52
3 77
10 61
16 52
46 68
60 16
21 80
70 46
41 26
53 66
14 47
32 56
41 48
53 60
63 59
69 55
45 55
80 77
49 53
42 49
22 6
4 47
15 37
7 26
43 52
23 61
55 14
63 53
22 25
77 60
69 60
53 9
14 19
8 18
68 71
74 41
74 2
78 13
79 41
1 27
7 37
80 70
54 43
60 20
5 78
45 57
30 43
40 79
24 62
12 70
80 14
26 21
45 68
56 3
6 56
10 69
29 34
4 74
34 22
79 55
4 39
44 18
63 22
69 38
29 32
39 30
15 9
72 23
57 77
75 10
44 53
2 46
65 73
66 13
79 43
31 14
17 54
23 24
39 49
18 7
80 42
77 30
28 14
16 65
74 6
54 72
74 77
5 63
20 40
62 72
12 49
54 73
39 19
68 49
10 30
60 42
48 72
9 58
43 19
25 31
3 23
17 11
75 79
11 7
51 52
3 9
43 40
67 24
38 77
47 67
33 77
29 72
14 25
56 11
28 64
45 12
44 46
41 63
47 55
4 34
48 15
15 8
26 60
23 39
17 73
20 33
7 73
56 80
36 51
67 23
9 41
16 53
16 11
67 19
22 29
23 33
6 48
47 39
77 28
10 22
5 23
70 31
49 30
71 28
72 43
3 50
21 23
30 34
1 64
16 24
67 32
61 21
69 2
12 2
40 4
54 61
60 76
30 29
3 13
36 63
17 78
26 38
22 62
29 11
40 73
64 79
80 16
6 2
20 36
49 26
53 4
25 50
52 67
21 40
65 64
34 54
74 9
23 40
32 18
14 21
58 31
3 78
62 61
74 80
4 77
28 9
41 24
36 64
29 52
61 70
66 43
51 9
48 66
74 23
13 33
13 22
42 54
15 29
19 24
5 28
69 39
70 58
34 41
68 4
78 25
56 53
27 30
50 18
53 3
36 39
28 73
79 72
10 32
70 57
8 10
37 75
69 71
59 34
18 21
64 72
76 6
25 63
54 75
52 44
33 7
45 62
1 55
68 7
74 72
51 44
77 15
18 42
63 16
67 41
