80 300
1 48
-23757 99638 72919 36210 17404 98022 12159 -81481 -67494 -26565 -24504 35931 61118 -28558 -93954 -25058 -56649 47604 40566 49079 -13383 -19441 15757 -90826 -98451 -81730 29870 -78978 74861 9545 -87150 6407 -37031 80451 10445 -68079 -75577 61075 43041 -51126 -18459 73455 26043 90912 -91066 41610 33962 18713 -86501 -50273 53451 91394 -62012 -39480 9631 -63615 -74308 21820 -76741 -63461 -2013 43918 -56497 8134 -62694 -28808 50315 73988 -41465 -30255 -29485 -43055 -30661 -18000 7916 21366 2007 -27516 75039 26147
34 22
67 47
53 63
17 54
11 71
45 57
7 18
42 40
56 53
54 72
7 26
75 10
25 62
40 23
57 77
75 62
49 9
34 52
73 54
30 79
43 54
40 20
68 70
8 27
25 50
65 23
11 60
63 50
25 14
73 40
74 23
21 18
43 79
66 52
2 6
4 68
77 27
30 34
52 31
26 29
41 37
25 31
58 70
13 3
63 25
26 60
78 5
67 15
7 37
43 19
10 32
50 18
36 78
46 67
67 19
14 28
76 6
54 34
56 11
67 32
31 79
51 52
79 64
69 55
39 49
72 74
13 43
10 8
15 48
71 65
5 23
80 42
19 20
79 40
52 43
18 8
69 39
49 42
52 67
80 55
72 23
2 58
1 38
30 77
54 42
18 5
61 70
10 22
66 13
4 74
2 74
39 30
44 51
24 67
12 6
42 18
39 36
41 24
12 2
1 77
29 52
72 62
42 60
69 71
7 33
15 29
5 80
56 32
43 30
56 80
48 41
2 69
70 46
78 3
45 62
44 18
66 53
28 64
70 80
23 67
34 15
66 43
78 25
3 50
78 17
41 67
11 16
37 6
33 77
64 46
80 77
49 30
16 63
10 30
61 21
40 4
68 45
9 51
55 1
2 36
24 23
73 28
46 2
4 13
12 70
7 73
64 1
47 25
27 1
13 33
9 15
10 61
72 43
31 58
29 11
20 60
72 1
17 11
21 23
64 65
22 29
30 65
32 55
3 23
14 31
53 44
36 64
14 19
15 37
45 76
77 4
29 72
62 14
65 16
80 14
49 68
11 12
76 9
63 5
39 19
22 66
3 56
46 68
20 36
38 69
80 16
67 30
6 22
22 25
35 66
55 45
48 9
79 75
60 69
41 25
19 76
15 77
27 28
12 49
7 9
62 22
9 74
28 71
51 36
22 60
18 32
60 53
63 43
26 41
30 27
29 30
56 6
47 39
50 47
77 3
61 23
54 61
69 10
43 40
24 62
10 68
34 59
4 53
33 23
38 53
14 7
41 9
11 20
46 44
75 54
72 48
80 74
37 75
11 7
72 79
33 37
76 60
4 47
73 17
6 48
37 22
59 63
47 14
77 38
28 24
66 48
57 70
78 13
3 9
70 31
77 28
26 49
52 16
40 21
80 21
20 39
52 44
36 63
14 55
24 16
53 3
16 60
34 41
61 62
79 55
33 20
41 79
74 41
39 23
63 22
58 9
7 68
34 4
19 24
77 74
29 34
28 9
19 74
26 38
74 6
53 49
13 22
71 68
39 4
12 45
63 41
8 15
54 32
75 74
73 65
5 28
77 60
16 53
26 21
64 72
47 55
32 29
21 14
9 53
57 55
