200 100
190 152
-8 0 -4 8 -8 -4 -1 1 -9 9 -3 1 -5 -7 -10 -2 2 -8 1 -6 5 1 4 -6 -3 -5 8 8 -2 -1 9 8 -2 -4 7 -9 3 4 -4 9 -2 -5 -8 -8 2 -5 -3 1 -2 -8 -7 -9 2 2 3 -9 -3 6 -7 -2 7 7 -2 2 -9 -7 4 9 -3 -2 8 4 3 2 9 6 -9 9 5 4 0 -6 4 -1 7 -10 2 -9 5 -2 5 -9 5 -4 -2 1 7 -5 3 -5 6 -6 -2 -10 1 -7 9 9 6 -4 3 8 8 -5 4 5 3 5 -7 1 3 3 -4 -2 -1 -2 1 9 -8 3 -5 6 -5 -9 -3 -4 -2 9 -9 8 -2 -2 -4 -9 2 8 -3 -6 2 -9 2 3 3 9 -5 8 8 9 -3 -9 2 2 -2 1 9 -3 8 7 -1 -6 -3 -3 1 -6 9 6 8 8 -3 -3 8 -1 2 -8 3 -9 -5 4 2 2 7 -7 3 -1 -10 5 6 8 -1 -5
159 118
14 100
36 199
52 137
56 38
106 44
108 120
110 97
75 110
76 138
9 116
183 69
138 174
4 69
176 12
44 39
17 130
58 147
107 196
141 171
173 193
65 63
27 156
42 162
173 85
166 21
195 83
186 174
182 100
40 115
35 67
89 104
152 2
138 40
37 44
15 60
186 114
129 56
26 143
92 21
78 117
12 78
71 73
156 136
10 88
62 33
109 77
80 1
127 164
178 52
37 199
155 38
108 127
35 193
93 144
46 169
33 187
117 69
175 189
12 170
151 187
179 168
127 166
133 192
185 10
83 101
195 154
45 145
118 16
127 79
10 145
190 152
8 43
192 97
195 193
58 23
34 121
85 138
100 148
40 147
45 159
173 86
142 139
162 19
78 59
34 62
169 24
143 82
51 5
190 119
61 104
125 36
108 68
122 167
123 173
159 58
129 181
3 44
93 56
156 67
