200 100
159 58
-1732 -51103 -72038 -96648 87445 -28232 4027 -83477 -1831 -62301 89813 27158 -5958 16121 80629 -65715 -42138 -57884 90970 51502 50941 -32904 -24899 77239 57234 48196 73128 -29324 -45901 43533 74749 -87033 14113 18251 -47869 61077 64668 -31411 -56215 97055 -82758 -78165 6247 -56673 -38842 -3316 -26307 -76860 -68072 96631 -84088 -941 5298 68615 9476 75797 -90587 -41673 31232 -73754 -26547 43329 88426 44219 -28774 5131 -85692 -75002 16965 62053 68996 -38264 -34004 50662 16705 13871 4693 58656 31844 -89168 60774 30210 14871 -14871 -62924 19482 -21382 46299 -97880 1574 -85753 84835 24216 73883 -33975 92793 28327 89730 -87432 29342 -45032 69436 -29027 -2912 43941 -58230 7246 -57409 35439 -62653 66666 -26737 -96900 -4955 -72122 57963 63215 38141 -43884 13679 53414 55302 71756 -52723 19098 29606 13099 88781 27410 -67570 -4722 9753 13542 -45248 98277 -32956 -25234 -32012 98051 -4481 59704 69134 -81923 11068 72215 87206 -53339 32056 -56890 -91697 -41766 -44360 -29020 61399 73364 -84334 51283 -26718 -33007 67031 -47050 -90397 84500 -1367 47778 -38346 -63359 -1480 -86913 1214 14244 12512 58690 -51632 54805 53818 61316 -40357 -85662 4558 2412 -27719 -2368 57982 -40765 53756 42684 -26117 -60749 -37707 -40037 92681 -6929 -59326 67369 73032 62078 32389 64172 52413
59 78
56 129
34 121
21 92
152 190
115 40
173 193
67 35
58 159
19 162
67 156
179 168
78 12
69 117
21 166
83 101
170 12
192 133
142 139
155 38
8 43
138 174
23 58
130 17
190 119
37 44
176 12
10 185
86 173
63 65
189 175
108 120
118 159
195 83
144 93
27 156
58 147
37 199
107 196
82 143
104 89
151 187
36 199
181 129
143 26
169 24
93 56
60 15
122 167
71 73
141 171
44 3
173 85
40 138
44 106
56 38
62 33
76 138
104 61
78 117
100 148
4 69
51 5
36 125
186 174
193 35
127 108
46 169
186 114
34 62
166 127
136 156
75 110
52 178
97 192
123 173
100 14
40 147
79 127
127 164
80 1
69 183
45 145
116 9
16 118
110 97
33 187
195 154
195 193
45 159
109 77
10 88
145 10
137 52
152 2
42 162
85 138
100 182
68 108
39 44
