200 200
156 82
-61753 37020 -2741 -11719 -18678 48038 -11873 82890 58329 -19780 54946 4597 97271 -17041 -80672 56054 70821 -63936 -89426 71301 -67172 75289 56010 71690 11306 -50326 36754 -58207 77269 -87496 -1016 -93347 -72678 -97778 26766 75859 78409 -38605 -94075 -49490 30503 -47736 90229 -57869 -25721 -9789 35668 -49123 -51823 -64602 71208 -2980 84115 -18927 -22017 -32311 49974 39196 -66976 17107 24736 6400 45912 -70100 -98861 2722 -74655 32909 -75732 75280 9920 5453 -92740 -93450 53939 56419 -87413 4710 86032 75776 68103 18758 -24567 -64458 10883 68297 44557 -42317 32265 -6234 -54615 -73634 22043 12164 -20136 56402 -87083 72816 -88953 -98470 -93334 77255 57534 17304 68417 9520 -46718 -90406 -37229 -39158 -37166 -89529 76896 -81266 -11037 8826 -15626 -90767 33751 -44634 -13521 47156 76078 -74714 -32433 87707 67490 -25056 -56779 -15735 75978 -26170 -35588 -33195 50683 51904 97902 497 -33588 -60487 917 56745 50532 -57368 -32245 68927 68583 -72874 55165 -24833 -54252 40401 72089 22715 67370 -95478 34448 -76795 16530 -55742 96954 19642 11717 75817 -59315 94195 -18074 79088 -32015 -12896 -62483 93318 -85332 -82766 19346 -93729 -60628 318 -6446 1515 68098 13334 54216 -18746 73301 19142 28199 44336 -69847 -21515 25978 19053 -96917 -6731 -63580 35319 -1302 80219 -82682 -24187
35 38
138 95
78 27
160 17
164 129
62 44
4 180
20 164
197 186
59 177
90 39
59 9
153 133
104 37
153 23
191 154
47 144
164 137
3 114
189 90
38 140
79 91
167 4
53 166
199 133
95 6
159 59
28 36
1 30
5 109
45 117
107 198
143 66
153 112
79 97
133 141
146 34
154 41
1 112
39 60
145 26
168 157
46 195
179 96
153 101
65 40
37 111
181 62
122 110
142 42
150 119
150 72
50 196
107 85
24 144
149 48
113 80
197 140
152 197
143 100
194 176
119 64
139 14
156 58
182 117
48 5
133 196
164 67
171 119
58 154
166 15
177 10
150 48
60 177
125 30
190 155
66 162
101 58
107 1
156 29
46 130
198 31
110 107
24 130
196 74
64 70
117 69
196 46
144 46
131 13
68 37
73 200
148 70
30 159
45 33
121 93
98 127
82 150
175 40
190 195
96 120
157 173
101 191
49 131
140 150
42 187
7 55
23 135
152 112
43 2
25 86
115 128
38 177
153 179
72 194
155 196
11 20
163 32
79 182
83 39
154 144
189 9
105 10
183 184
46 103
10 142
181 25
98 43
185 154
178 132
89 12
111 38
170 54
193 86
180 37
108 141
111 117
133 16
60 10
191 41
145 166
152 109
23 151
88 124
118 131
165 147
159 7
76 144
68 111
191 55
29 181
6 18
157 116
24 155
188 152
91 88
164 63
121 194
27 173
58 191
101 85
38 15
103 174
72 89
141 88
102 22
9 63
104 133
101 169
17 36
172 170
148 69
165 126
65 20
34 59
85 163
141 105
152 175
19 187
99 190
90 164
85 98
129 28
132 129
24 172
106 34
40 165
4 112
152 129
62 169
91 154
6 102
108 200
80 123
173 199
45 12
111 69
88 195
10 167
122 190
