200 200
156 82
-6 6 1 0 -1 8 0 9 -1 8 2 0 -8 9 -6 -9 -6 9 3 -4 6 -5 -9 2 -10 -7 -10 5 -3 -10 -4 5 -4 -5 -1 1 6 -4 -5 -6 1 -1 -1 -2 8 6 -6 4 5 2 7 -7 -10 2 -7 6 -8 3 2 -10 -10 8 9 -9 2 4 -1 -6 3 7 -3 6 1 -5 -7 4 3 -1 9 -9 -9 -10 -10 9 4 3 -4 -9 -3 -3 -3 -9 -8 0 3 0 -9 6 -4 0 7 -7 -2 -1 -5 0 -1 -3 -2 8 8 2 -2 -6 2 9 8 -5 -2 -7 8 -1 -5 7 4 -10 6 -8 4 -5 4 3 -6 0 -2 0 -6 -9 -8 4 -10 -6 2 1 2 3 8 -1 4 5 7 -7 -1 5 4 -10 1 -6 6 2 -8 -1 -2 -5 -3 8 -10 -2 2 0 7 0 -3 4 0 -4 -7 -6 2 9 -6 -5 -8 5 5 0 -9 9 9 -4 -4 -1 7 9 6 -1 1 3 6 0
6 95
131 13
41 191
187 19
157 116
144 76
153 112
111 69
34 146
117 182
157 173
190 155
111 37
23 153
168 157
190 122
102 6
110 107
141 108
121 93
68 111
42 142
173 27
43 2
148 70
144 47
150 140
140 197
89 12
37 104
195 88
122 110
169 62
79 182
112 152
118 131
7 55
133 199
154 58
117 45
128 115
85 107
194 176
25 181
191 154
66 162
119 171
180 37
4 112
198 31
164 20
73 200
112 1
191 101
109 5
26 145
66 143
69 117
24 155
194 72
1 30
59 34
38 140
184 183
38 35
177 10
9 63
189 9
100 143
123 80
103 174
4 167
85 101
25 86
10 142
166 145
139 14
65 40
156 58
195 46
99 190
163 32
17 160
196 74
59 9
11 20
98 43
179 153
117 111
46 130
148 69
177 60
181 29
5 48
114 3
113 80
79 97
133 153
79 91
186 197
173 199
177 38
155 196
70 64
82 150
37 68
164 67
85 163
83 39
60 39
64 119
23 151
63 164
120 96
107 198
15 38
164 90
144 46
159 7
154 41
156 29
125 30
133 16
53 166
34 106
197 152
130 24
177 59
170 172
129 152
178 132
154 144
193 86
48 149
169 101
165 40
96 179
138 95
124 88
4 180
194 121
45 33
40 175
108 200
175 152
105 141
10 105
62 181
152 188
90 189
49 131
17 36
126 165
135 23
103 46
50 196
166 15
58 191
65 20
78 27
104 133
150 72
129 132
187 42
45 12
164 137
98 127
36 28
119 150
55 191
129 28
154 91
1 107
39 90
101 153
109 152
98 85
196 133
164 129
72 89
147 165
46 196
195 190
10 60
185 154
48 150
141 88
38 111
172 24
24 144
159 30
101 58
10 167
54 170
44 62
159 59
18 6
133 141
88 91
102 22
