200 2000
10 41
-4 7 0 -2 9 -1 -3 5 6 8 8 2 -5 3 -8 0 7 -4 -4 6 -4 -9 6 -9 -8 -10 9 4 8 5 -1 3 -9 7 -5 1 3 -4 0 -8 -1 2 7 3 -6 9 3 -6 7 -7 7 -7 -7 -1 0 0 9 7 -1 -6 -3 -10 5 -9 -10 -7 -6 1 0 8 3 -3 -2 -7 9 -4 -7 9 5 5 8 -8 -9 -3 5 -7 3 -7 -5 9 9 1 -9 8 -7 5 4 -1 0 1 -4 -5 -2 -2 -3 -8 -6 -2 -9 8 -5 -5 5 -10 8 6 -10 -9 8 -8 -4 7 -6 8 1 -7 7 -8 2 -9 6 4 6 0 -9 -6 -9 -6 9 0 0 3 2 -7 7 -5 1 2 -1 2 0 -8 5 -5 0 -10 0 6 0 -2 -5 -3 -2 9 7 -6 -5 -1 3 -1 -8 9 -1 -8 5 0 -8 0 6 -10 -4 7 -10 -10 -7 -7 7 3 -1 -2 8 9 0 -5 9 -7 -6 2 -4 2
186 198
149 120
197 148
77 147
80 190
94 21
137 194
10 99
183 89
170 133
104 10
118 52
148 83
194 149
93 122
48 4
163 78
51 9
170 198
175 6
191 52
10 2
184 61
60 92
135 71
119 197
184 125
179 154
74 124
55 199
25 136
133 131
173 77
146 2
46 108
121 81
60 144
149 184
2 34
46 135
54 74
193 186
88 124
108 148
26 131
38 177
190 149
191 142
80 58
39 34
132 4
172 15
30 179
16 179
160 128
101 60
82 15
43 70
15 111
196 50
199 2
113 43
57 96
183 87
152 44
59 129
111 29
104 165
76 98
116 147
174 67
13 187
109 5
38 178
165 22
44 28
88 177
151 10
90 184
12 117
191 99
59 8
185 172
131 103
126 67
36 114
6 127
140 14
151 158
75 28
149 52
121 7
89 102
90 55
89 144
77 34
122 56
174 114
67 175
1 158
88 139
102 180
190 106
90 92
191 69
39 65
194 97
98 149
113 45
9 134
88 142
197 106
13 182
130 88
95 19
149 136
63 91
57 175
103 89
35 148
111 101
8 195
42 117
155 4
164 97
182 50
115 55
190 60
92 190
93 132
44 32
30 146
159 120
119 34
74 49
53 75
121 138
110 96
96 195
196 45
83 137
166 135
187 131
178 194
161 101
112 91
143 176
161 186
132 30
6 163
111 93
130 46
141 7
132 127
60 71
1 14
180 4
200 38
81 64
170 195
179 12
58 173
81 45
166 56
141 110
93 155
26 100
134 89
81 171
19 107
146 136
17 97
161 176
155 197
158 34
119 14
49 6
16 73
47 163
19 144
145 159
17 100
47 68
181 136
43 83
52 35
162 66
193 24
133 103
15 144
136 22
93 67
194 152
80 31
97 131
118 138
76 6
176 174
61 83
27 3
11 151
99 39
173 33
128 194
132 153
5 172
74 127
26 1
183 76
182 44
20 23
61 141
113 136
184 120
155 107
165 38
151 116
148 131
30 140
93 81
144 57
96 80
152 62
10 87
117 178
46 115
47 152
123 102
154 33
115 80
171 187
175 77
29 28
103 92
18 152
35 140
3 200
167 67
174 166
179 106
118 100
54 110
40 106
5 62
6 28
85 99
162 198
70 19
191 37
51 103
181 101
145 25
131 78
23 97
3 135
116 104
70 160
154 113
128 82
138 7
110 89
115 127
93 60
100 69
11 132
140 5
178 59
43 3
74 75
139 10
17 10
9 26
182 46
104 6
35 51
162 87
142 185
1 155
18 180
103 142
148 36
104 102
43 194
70 175
166 140
183 20
190 171
85 129
173 46
29 172
87 173
198 38
17 127
170 92
140 27
61 74
47 199
185 133
14 168
175 200
158 197
40 138
53 155
195 88
64 142
150 194
165 117
25 151
95 195
114 12
71 87
103 80
165 78
103 160
185 178
5 25
145 57
76 96
156 190
112 197
38 8
40 162
130 58
66 72
160 172
18 125
183 88
69 170
137 129
94 2
83 78
142 127
90 110
170 119
141 198
193 76
35 166
181 150
175 47
80 64
173 125
68 125
101 25
5 134
140 131
160 49
18 114
15 190
149 21
79 4
5 117
78 95
18 155
160 186
76 124
69 71
58 126
60 102
163 64
15 197
130 33
166 138
63 103
47 29
81 161
177 46
90 51
127 148
127 129
18 153
142 83
62 94
200 161
3 4
193 42
166 22
159 122
31 23
149 19
166 116
77 126
163 106
48 78
96 77
69 67
40 89
97 54
8 83
176 7
138 144
92 51
24 2
54 139
194 64
131 129
5 144
91 5
199 113
145 187
106 153
81 46
61 57
185 140
36 96
36 191
97 127
5 59
84 61
47 187
3 161
96 39
126 186
23 118
35 123
134 120
34 79
47 72
128 118
45 88
171 4
14 8
182 159
199 156
114 126
35 14
173 61
26 153
88 150
13 92
40 184
197 115
85 156
103 123
21 112
124 146
44 151
138 94
16 12
83 5
131 6
151 1
133 78
23 62
146 12
198 140
92 155
179 173
181 97
52 6
116 140
145 109
172 167
75 57
11 64
80 109
40 125
70 157
195 40
17 135
70 35
154 52
184 49
101 106
157 59
21 91
135 21
154 166
20 156
13 172
57 172
91 108
183 54
57 95
42 156
200 174
106 107
143 3
146 11
100 180
31 184
14 44
87 107
156 58
27 93
182 92
21 81
126 162
65 130
68 145
21 78
21 107
28 112
39 27
139 8
74 149
158 41
36 7
171 45
1 23
183 136
49 152
190 32
124 91
64 79
175 173
173 21
185 165
86 200
114 178
132 38
23 185
162 91
49 134
35 60
80 125
183 93
131 138
75 181
74 196
45 163
159 135
177 139
198 96
148 104
27 98
26 187
90 34
12 126
119 144
62 48
144 81
131 4
181 103
118 37
190 50
69 148
97 112
26 35
44 137
130 120
32 136
191 143
137 123
135 110
52 98
166 190
127 93
164 56
56 195
133 183
141 196
15 98
52 74
39 149
17 186
117 118
152 61
188 156
182 72
186 138
100 87
63 181
172 148
50 142
193 156
39 31
46 144
140 10
133 113
160 132
28 10
23 32
186 120
26 174
2 145
45 25
152 165
170 95
106 118
88 196
190 172
182 139
8 61
55 169
62 147
88 82
114 135
49 147
51 130
161 49
59 41
184 143
2 135
2 108
179 142
77 139
189 25
122 40
125 174
55 64
129 172
179 39
4 24
174 95
129 184
115 164
19 195
100 187
121 25
164 153
48 133
26 116
143 89
46 119
109 8
44 155
118 69
101 191
38 63
130 4
103 77
25 100
183 177
136 42
166 4
15 187
67 4
138 88
196 143
169 101
82 105
33 165
198 56
123 89
77 29
93 176
137 174
31 155
145 144
75 143
80 145
35 10
60 112
151 34
198 63
177 102
120 31
73 45
167 4
56 193
189 94
20 82
157 170
186 84
104 33
42 4
110 112
137 49
29 85
82 17
191 165
155 174
88 8
124 197
200 173
154 73
152 98
155 172
167 96
18 64
36 187
100 48
82 81
37 32
83 21
51 159
34 80
2 28
11 130
148 130
65 21
48 74
54 168
23 8
33 109
59 154
124 28
44 43
24 26
51 45
168 68
109 151
182 43
37 130
15 79
67 161
28 154
192 24
43 36
14 191
143 162
66 159
85 124
194 101
89 199
114 167
12 174
179 45
186 70
12 121
168 189
172 49
139 58
185 199
70 132
16 164
136 178
14 136
54 186
138 5
3 194
180 71
152 45
7 82
47 108
124 160
54 69
176 181
74 188
184 155
87 90
73 74
131 106
70 197
155 75
104 167
200 24
170 94
66 132
164 99
174 10
22 90
32 108
56 175
27 58
118 195
177 124
114 69
57 6
41 30
53 31
99 91
131 122
69 165
123 148
76 58
176 113
8 177
158 167
13 126
81 55
132 125
133 89
80 102
152 145
177 72
134 3
73 103
110 7
27 89
81 87
16 75
12 171
73 18
116 27
170 175
107 90
75 116
131 11
72 115
23 181
44 17
171 105
155 40
48 179
39 89
117 162
185 27
198 120
92 21
70 179
199 44
80 89
126 32
125 164
124 156
172 186
38 149
181 124
162 109
183 102
102 119
151 197
198 126
76 185
102 28
90 70
87 67
193 181
174 21
177 186
169 90
146 195
38 163
135 120
140 73
63 165
50 31
16 66
103 150
129 49
2 73
109 3
198 106
133 136
97 40
114 140
118 193
16 72
146 158
82 103
130 169
42 174
91 55
118 43
196 150
86 190
81 94
36 188
40 13
161 44
105 169
132 151
39 108
160 47
96 127
73 190
134 167
127 167
95 50
148 110
62 58
145 172
106 45
21 166
175 32
91 35
31 15
125 89
166 61
190 131
147 17
68 70
55 125
82 193
57 133
16 139
31 10
63 144
156 145
80 107
74 186
70 54
173 155
181 92
145 50
86 58
146 18
137 117
114 155
11 9
55 15
64 173
103 81
151 92
92 167
100 110
126 98
192 136
138 23
91 122
140 168
7 6
11 160
108 126
40 86
53 36
94 7
3 119
32 118
96 67
187 198
142 200
49 64
166 119
134 14
114 134
38 151
183 123
34 136
170 8
111 17
144 167
195 42
144 30
160 100
158 16
98 153
132 107
160 71
190 91
170 43
134 151
153 67
88 69
148 58
192 184
62 6
182 77
38 105
150 100
145 24
7 188
98 146
177 47
25 127
181 35
188 160
116 99
155 39
129 155
144 195
165 6
3 155
156 176
148 118
14 146
34 162
2 15
103 42
12 43
127 143
63 200
135 52
93 113
98 16
86 61
91 22
68 135
120 144
47 10
37 54
19 198
62 26
164 85
41 133
190 136
151 65
191 51
176 136
101 54
1 90
15 117
11 125
173 34
125 85
103 114
189 149
186 50
170 90
63 92
30 170
96 78
54 178
194 60
63 56
21 137
29 146
67 48
155 21
191 106
83 100
49 132
177 4
189 23
84 87
11 110
132 12
22 52
141 123
152 27
177 184
66 192
105 136
40 154
133 158
36 177
77 70
57 56
179 163
156 13
176 107
148 82
14 179
147 15
68 185
155 17
39 30
189 32
122 18
52 12
97 117
22 100
141 186
179 109
92 150
138 177
148 194
90 142
15 94
158 12
111 47
147 67
161 70
160 174
152 147
31 124
76 172
92 147
113 58
132 166
150 118
92 166
53 94
48 115
138 170
184 200
193 187
129 99
50 13
82 69
60 25
154 26
76 90
161 111
125 145
6 18
175 126
126 93
82 169
33 163
111 73
160 56
52 31
107 121
64 185
60 133
71 108
64 138
141 16
156 123
112 31
62 185
53 115
158 47
5 108
115 165
31 186
187 179
24 98
5 105
103 57
137 161
163 49
88 103
11 194
172 16
147 190
121 123
82 60
40 69
83 182
163 187
165 97
58 110
6 72
102 148
127 11
30 85
3 55
139 127
87 24
71 64
56 47
163 92
134 13
144 24
175 48
58 53
76 60
51 128
155 32
142 146
183 124
164 22
162 104
12 22
1 28
57 27
113 135
1 179
65 12
176 41
5 180
36 99
103 21
34 126
104 144
177 86
15 19
134 111
170 100
39 131
33 128
167 153
45 142
125 172
195 186
188 35
23 135
19 112
52 13
79 76
43 148
58 14
9 79
193 14
179 119
15 12
108 130
180 8
23 200
197 42
187 9
95 99
11 192
186 200
12 17
1 163
17 85
128 95
184 41
104 46
166 162
195 38
145 168
124 7
67 43
176 117
177 185
93 129
110 94
132 101
190 59
143 64
90 82
156 165
30 80
102 31
62 32
91 170
59 70
88 146
129 166
86 35
127 113
168 12
97 5
12 90
139 73
181 131
34 125
38 84
181 134
172 101
53 114
96 122
164 45
111 21
186 117
106 172
71 29
112 33
172 93
189 52
33 153
56 80
48 162
136 179
5 20
95 129
169 132
172 89
101 74
90 38
70 165
123 129
29 190
185 128
121 1
84 118
89 136
82 149
63 19
66 70
121 132
90 152
94 136
159 22
17 77
77 162
18 4
196 9
13 69
185 197
149 70
67 76
192 181
171 69
132 113
60 191
57 199
47 33
24 176
162 80
2 23
72 188
6 199
163 62
107 55
183 100
57 129
196 99
32 116
144 187
59 35
108 44
115 6
40 61
42 87
200 188
100 74
187 16
138 46
197 65
87 50
147 22
115 99
41 9
31 142
168 86
57 102
78 97
12 3
76 120
154 67
4 154
136 148
176 184
145 65
200 169
118 70
52 76
97 13
18 25
3 160
44 163
144 71
64 198
45 160
82 35
179 177
183 81
65 45
115 134
107 7
44 129
130 76
83 136
127 76
37 147
78 199
120 138
150 140
157 72
101 112
130 67
86 18
76 24
153 141
193 155
180 153
86 79
133 37
20 48
175 92
22 79
161 169
178 173
122 94
74 151
76 152
131 54
70 31
59 42
106 142
155 132
85 63
11 147
22 38
82 185
146 84
196 199
138 119
89 99
47 25
11 172
77 63
128 57
55 28
105 124
120 45
169 51
31 117
153 53
189 133
59 15
96 10
196 200
69 9
196 137
19 61
190 96
77 152
95 191
144 88
142 112
72 26
56 26
48 98
8 169
164 21
151 49
112 169
58 136
169 109
133 97
151 16
70 46
105 125
58 28
61 147
195 106
32 94
37 39
138 125
137 99
78 59
162 171
189 195
110 95
150 147
183 74
87 186
147 107
124 157
85 49
12 67
9 113
50 37
17 172
116 135
29 90
79 88
129 111
106 108
115 68
99 170
83 143
178 175
192 101
76 187
136 74
136 177
17 65
25 191
89 184
123 62
135 74
4 140
104 15
166 181
114 16
115 129
118 197
82 62
64 132
125 47
159 105
161 75
190 165
43 174
144 21
112 195
128 92
108 59
47 136
173 90
54 116
192 18
24 10
30 68
193 141
9 173
46 116
35 144
37 153
44 160
52 142
95 138
106 156
69 32
157 172
182 152
125 70
61 67
85 62
161 80
94 45
71 105
5 194
50 63
94 121
159 40
157 18
63 54
100 52
115 117
32 39
19 181
99 114
199 172
165 52
16 43
19 57
72 153
159 172
124 164
43 110
150 82
98 159
161 174
7 42
139 129
28 36
100 137
18 39
27 66
127 59
137 16
42 104
122 178
40 172
38 93
183 114
107 56
26 46
92 176
89 169
9 175
170 6
169 150
75 52
187 175
2 193
46 165
158 174
129 198
190 177
86 91
134 144
176 131
161 79
132 65
133 128
166 31
65 187
36 196
77 153
15 56
97 167
42 39
104 122
115 21
130 143
71 17
29 191
159 27
121 13
143 111
30 66
49 72
42 27
69 49
104 14
37 92
164 163
4 10
38 112
189 108
3 139
36 180
107 144
6 60
99 20
69 154
155 183
58 164
64 166
133 167
94 57
143 48
177 100
124 79
39 38
163 5
114 147
189 43
98 161
141 30
40 42
165 106
160 32
30 65
120 195
192 113
89 83
173 15
7 59
116 20
11 56
52 84
171 198
22 59
189 54
96 196
188 108
60 100
126 31
199 58
129 37
125 166
69 63
19 38
199 136
14 128
182 123
163 2
135 123
95 103
145 23
105 193
170 173
64 69
112 149
14 36
17 124
156 96
108 199
181 59
187 57
150 151
84 85
168 124
99 54
185 72
169 135
43 134
82 121
54 142
141 86
125 141
133 195
157 91
74 113
48 113
63 164
128 73
39 85
160 94
23 17
172 138
158 76
70 7
135 5
143 104
117 98
36 23
62 115
17 143
84 153
115 113
103 62
169 10
136 194
124 97
135 6
159 100
77 128
16 175
155 29
107 34
102 153
11 19
40 22
107 25
135 174
196 15
158 28
163 129
150 136
36 112
183 1
97 102
53 62
96 104
19 162
189 124
187 109
5 128
17 190
197 16
25 74
148 38
8 72
84 29
116 120
31 188
27 153
7 65
141 104
2 90
31 128
125 180
156 95
42 154
121 73
3 125
58 108
87 125
89 26
112 177
94 152
9 68
22 196
176 86
29 89
7 30
170 128
96 197
33 78
31 13
94 161
8 120
131 29
115 181
134 112
111 165
12 8
113 2
101 56
71 149
196 198
56 162
44 23
155 60
41 171
162 28
83 73
100 145
20 128
187 21
93 96
141 131
61 68
126 138
84 152
30 17
176 39
32 3
48 31
71 76
112 127
108 114
62 90
187 126
180 145
114 50
11 197
199 24
158 137
190 182
180 55
94 97
195 172
31 178
37 26
191 85
72 126
161 11
96 33
195 113
58 143
59 68
131 126
102 88
75 130
122 126
44 21
141 173
143 173
90 41
107 11
105 118
73 117
27 36
117 151
40 115
169 166
134 19
5 93
55 195
78 14
91 25
115 22
16 79
96 29
58 98
117 60
101 118
132 58
141 76
10 119
150 123
129 94
49 50
79 173
135 199
167 69
76 179
147 155
70 62
189 82
101 14
58 70
196 54
44 48
31 65
157 182
62 89
31 187
178 17
117 133
174 178
88 129
154 22
136 112
109 112
195 84
89 140
162 175
140 93
8 176
71 30
2 42
63 31
97 186
104 71
24 63
192 178
136 127
103 25
5 200
54 52
62 45
7 114
163 121
68 15
70 17
173 50
78 100
19 47
195 114
184 85
94 158
89 82
36 124
75 186
21 127
147 109
39 71
155 122
169 144
117 104
132 5
90 144
146 94
46 107
18 103
123 124
66 153
26 192
115 14
56 200
152 67
56 147
112 96
16 53
139 149
159 16
97 148
157 14
172 178
177 42
164 29
35 113
123 66
95 52
147 175
19 165
156 175
72 63
169 95
59 158
50 198
149 50
36 194
130 123
186 33
33 94
28 193
79 194
117 88
24 85
105 132
73 43
166 192
105 156
55 193
72 133
17 120
108 110
130 28
183 129
133 169
62 88
120 49
194 37
101 98
171 109
16 132
198 200
142 170
104 20
47 16
200 149
17 21
16 74
21 153
90 140
123 19
95 196
183 79
11 90
2 177
92 160
18 196
113 129
197 169
9 192
65 131
48 150
94 151
13 84
184 118
146 36
119 160
172 51
183 60
170 46
54 50
21 167
31 197
115 37
107 86
170 191
192 189
15 148
127 23
133 182
45 123
140 109
82 45
25 99
81 68
151 166
161 77
37 6
92 112
98 93
2 47
154 56
113 79
18 94
95 35
15 130
58 197
39 66
45 124
131 55
152 193
39 98
2 103
6 150
56 149
88 114
82 129
40 78
135 36
102 120
3 99
74 91
37 43
157 158
36 169
8 49
116 39
77 53
198 142
167 62
117 58
106 82
13 131
41 141
54 58
55 102
131 161
73 146
20 30
80 63
174 82
15 21
106 68
120 197
26 39
13 103
65 143
176 127
72 128
93 158
95 117
10 49
87 190
102 184
159 152
74 82
181 178
119 187
52 29
50 147
37 184
38 153
100 115
134 50
61 157
125 154
199 129
45 148
172 91
2 99
