500 250
458 82
7 4 2 -5 7 -3 -2 0 2 -10 2 8 3 8 0 1 5 -10 9 9 5 7 -8 -1 -1 -4 5 4 7 9 4 -1 7 7 -6 3 -3 6 1 0 -6 2 8 6 -5 4 -10 -3 -7 -5 -6 -6 -8 0 -5 6 -8 9 -2 5 8 -9 5 1 -8 -9 -4 -3 -8 2 9 3 3 3 2 -6 -8 -6 8 -5 -3 6 -1 -1 -2 -1 -9 7 -2 -10 -10 -2 8 2 7 -8 -9 -6 -8 -2 4 -2 1 5 -6 7 5 -9 -6 2 -5 5 -9 5 -2 -5 -9 4 8 5 -7 -6 9 1 7 3 9 -2 8 4 4 -9 9 -4 3 4 0 -3 5 2 -9 5 -4 0 -1 -1 7 -2 9 1 -1 6 8 -10 9 -8 -6 -6 -3 -3 -1 0 -5 1 2 -2 3 -2 0 0 8 -7 -3 4 -9 -7 -5 -2 -9 2 -9 -5 -3 -7 -4 5 3 8 9 8 -7 2 8 1 -4 -5 -10 4 -1 -4 0 5 -2 7 -6 -10 0 -4 -8 -7 2 -10 0 7 8 9 -6 -1 3 3 -1 -7 -1 1 6 3 6 1 6 8 6 3 1 3 7 3 -8 2 -2 0 -1 5 6 -3 7 -5 3 -7 -4 -9 6 3 3 -10 4 6 7 9 -4 -5 -9 -6 -7 1 -2 9 -5 4 -7 -7 -10 -1 2 -6 9 -5 7 2 -10 7 -5 -8 -10 -3 -1 8 9 -3 6 8 5 -3 -5 -10 3 6 5 -9 9 -3 -9 -10 -4 8 9 2 -2 -10 0 -2 -3 2 7 -8 6 -4 5 1 1 -3 8 -5 -10 -3 -4 -2 2 7 8 -3 -7 7 -1 -9 2 9 3 -3 4 -9 -4 -3 -3 5 -9 -9 0 9 1 5 3 1 7 -2 7 6 -3 8 -9 -1 -3 8 -5 -2 -6 -8 0 1 7 8 4 8 -2 4 9 6 8 0 9 -2 -9 -4 -1 -3 -2 -1 -7 -10 -9 -4 -9 0 -9 6 -7 7 -7 5 -9 -5 2 3 9 -6 7 -6 6 -4 -5 -2 -6 7 -10 -8 -2 -2 6 5 -6 5 9 4 1 -10 3 -4 9 -5 6 -2 -4 -5 -5 -4 -9 5 -7 0 8 5 -4 -8 -9 -7 -8 -2 8 4 -1 -9 -3 -7 -5 7 -6 -3 8 2 5 8 -10 -8 -9 -9 -6 8 3 -10 -9 0 -3 -4 7 0 4 -10 -10 -2 -10 -2 -6 8 1 -7 4 9 2 -10 3 -9 -10 4 -7 3 -3 -7 -5 3 0 1
487 358
296 93
71 430
150 68
163 180
338 135
34 427
13 65
353 262
436 92
239 440
480 236
1 458
427 281
418 217
13 94
127 384
117 11
281 267
271 140
475 73
486 186
112 104
397 377
405 252
450 264
298 72
10 197
276 7
108 366
329 229
31 193
125 136
481 200
264 225
46 225
227 26
418 353
429 3
384 403
328 283
235 327
30 302
143 98
328 277
460 113
305 183
89 104
36 496
420 369
9 333
99 150
315 25
6 104
257 328
489 436
453 157
254 241
113 311
34 240
17 455
167 453
389 430
232 126
68 5
44 420
364 284
238 435
265 453
456 194
215 458
494 200
79 311
206 265
300 224
351 453
178 315
74 398
145 254
84 366
447 380
30 76
337 455
309 280
204 498
91 81
326 479
15 490
291 400
47 346
94 71
38 334
32 19
42 333
128 147
273 219
43 34
138 373
154 70
231 62
8 374
55 192
339 111
415 157
207 222
308 30
356 420
268 234
447 108
426 1
318 488
257 342
16 284
309 108
482 277
397 207
463 66
123 209
61 98
255 469
70 53
106 442
51 335
54 399
421 80
349 190
36 442
157 277
98 482
287 13
40 11
479 209
31 4
160 317
225 122
249 500
52 307
80 369
358 457
207 358
403 81
379 369
199 86
468 118
421 410
53 116
69 314
486 272
120 335
455 215
62 465
491 461
475 313
61 490
113 193
41 96
469 368
331 465
288 193
67 480
248 171
337 37
412 485
99 109
377 436
389 183
188 191
204 208
83 272
37 134
111 464
164 281
284 327
19 249
95 1
451 20
237 457
266 483
448 368
32 25
82 385
478 237
98 295
226 164
151 477
499 177
238 231
271 433
141 25
374 286
332 325
51 292
262 205
462 354
116 175
89 463
442 168
299 320
278 373
436 6
115 149
76 59
278 116
127 136
244 140
261 294
22 266
303 79
17 82
309 358
147 235
479 428
6 406
386 269
259 320
266 213
104 311
327 261
383 144
452 377
135 159
276 267
192 304
9 462
482 271
190 413
217 143
189 56
410 130
488 294
326 179
457 210
439 255
487 211
405 459
314 52
395 391
154 187
21 232
330 241
448 132
19 132
231 247
292 374
180 278
349 185
401 225
428 110
305 168
338 460
