500 2000
212 169
-8 4 -1 7 -1 5 -5 -10 6 -2 1 4 2 4 -4 4 -7 7 3 4 -3 -4 -8 -1 -4 -10 -3 -1 -6 -3 -2 -2 3 -5 -6 2 3 2 0 0 -5 -10 -1 7 2 6 -1 9 -8 5 9 0 8 6 -5 -6 5 -9 1 -10 -1 -8 2 -3 6 0 8 5 -9 -4 2 1 -10 1 9 -10 0 0 -2 -3 -2 9 -6 0 -6 -3 -3 4 3 2 5 7 -7 -3 0 -1 -4 8 -4 4 -8 -9 1 -2 6 -1 -4 6 3 8 -6 -6 0 -10 0 6 0 -10 0 -2 3 4 -6 -5 7 3 6 9 -2 9 5 -9 1 1 3 -6 -8 -6 8 -9 9 -6 1 -6 -10 -8 6 0 3 4 6 -8 1 -9 -2 -9 -1 9 -10 8 -1 9 -6 6 -5 1 -4 0 4 5 -8 4 4 3 7 0 5 1 -8 5 7 4 0 5 -7 0 9 8 -9 0 0 3 -4 -8 9 1 -4 2 -8 -8 8 -4 -7 9 -6 0 -8 3 2 4 0 -10 2 2 -2 6 9 3 9 3 2 -6 -3 -2 -9 -9 6 -9 5 8 -8 -3 9 -10 -5 7 -5 4 4 -2 5 9 0 9 1 -1 2 -2 5 0 -9 -9 7 -2 8 -6 0 -3 1 -5 -7 -9 8 9 -9 -7 9 9 2 -2 -10 -4 5 7 -1 -7 -1 5 -6 -7 -7 -10 5 5 5 9 -8 -4 -2 6 3 3 -5 -8 6 3 -10 6 -5 7 9 7 -1 -1 -4 -3 7 -9 -9 1 9 4 -2 7 -5 -6 -2 8 0 -7 -4 0 8 6 -3 7 9 9 -3 1 7 3 9 -6 3 7 -2 -6 -5 2 -9 -7 9 -6 -10 -7 6 8 4 1 -10 5 1 -9 4 6 -7 6 -1 4 6 -3 -6 -5 7 5 1 -3 1 5 5 5 1 -5 -5 -6 -8 8 0 -9 8 1 -6 2 3 8 -1 0 -4 7 6 -5 -2 -10 -3 -3 5 -2 -8 -9 -8 -1 6 2 8 -10 -8 5 -8 -7 1 5 -3 -7 9 -1 -3 -4 0 -9 -9 -1 8 2 2 -10 0 1 -4 5 -7 2 -3 4 -10 8 -1 2 -9 -9 3 -10 5 9 8 7 -10 4 -7 -8 9 3 -10 3 -9 -8 0 -5 -5 5 -3 -10 -6 -2 -3 4 4 9 6 3 -6 -3 4 -9 -9 2 -6 3 -1 8 -4 -2 -7 -1 1 9 -4 3 -4 -3 -4 -9 6 7 -9 -10 -2 -6 -10 0
373 162
425 147
192 405
338 293
13 77
54 128
282 44
10 327
195 362
256 283
62 20
448 251
312 185
270 391
52 312
432 111
17 38
390 306
155 331
348 75
160 29
2 411
210 230
70 322
122 416
330 405
324 488
401 56
267 275
347 288
280 184
437 51
27 323
156 169
144 18
360 15
62 360
204 190
238 487
499 392
488 342
210 133
361 485
244 333
391 89
175 267
282 125
113 372
15 202
110 287
288 4
203 206
312 273
498 253
72 407
241 392
479 392
222 45
80 167
136 371
237 364
394 74
246 408
14 94
80 337
467 112
105 85
226 369
406 122
315 172
213 41
356 444
466 240
410 444
464 10
438 372
154 323
280 248
436 397
281 97
286 298
470 17
484 463
477 332
78 19
112 198
49 257
383 207
69 351
412 168
124 331
3 186
325 187
129 278
3 114
121 19
370 329
174 186
233 488
231 499
94 213
289 421
11 221
331 321
274 443
396 69
189 53
212 332
23 463
247 500
277 135
11 93
481 241
462 83
37 438
140 390
130 62
217 9
46 409
338 390
332 389
447 99
135 226
488 303
142 51
225 203
203 411
357 294
29 12
290 349
163 137
368 106
275 130
246 300
430 394
116 101
228 358
313 402
458 14
170 376
259 134
437 382
137 23
176 32
406 400
5 329
194 212
7 86
7 479
380 379
167 292
466 387
349 279
317 125
391 152
338 227
47 471
291 47
65 256
207 201
242 13
292 259
380 255
351 372
237 62
229 359
270 71
460 327
225 282
242 169
185 494
369 153
226 335
474 82
262 489
157 90
316 127
283 243
357 237
333 70
213 318
188 401
212 269
190 399
306 177
203 293
368 451
155 348
147 468
363 134
51 448
227 371
358 213
358 386
163 440
126 415
421 367
408 432
273 291
84 57
167 181
333 345
385 76
32 297
292 227
102 392
469 264
432 101
339 44
273 319
56 162
247 342
176 310
135 303
123 25
106 141
284 46
176 41
396 163
236 81
430 174
59 128
490 83
379 401
159 62
440 127
262 24
372 277
477 231
480 382
401 93
197 296
203 104
260 109
415 330
372 46
296 431
303 67
75 477
25 105
290 490
281 417
129 137
408 492
286 458
203 408
494 182
491 26
250 85
91 427
410 202
309 479
455 130
163 77
324 448
327 375
204 293
25 497
215 189
123 92
227 217
40 341
9 66
152 141
203 430
41 357
448 183
189 451
173 244
150 472
118 397
368 249
11 46
253 121
447 317
91 397
238 269
36 468
256 213
487 250
76 256
392 166
87 33
217 111
248 190
65 423
382 199
316 462
418 133
245 189
104 398
379 232
178 238
492 233
225 168
337 47
236 289
402 300
165 364
378 314
300 299
341 330
324 6
380 264
295 410
180 281
85 349
318 417
295 395
81 453
374 275
185 261
261 120
196 64
240 447
226 24
178 181
159 411
355 349
14 232
232 385
446 210
89 238
473 460
157 482
228 326
465 165
31 4
46 432
419 102
422 209
104 70
97 126
498 131
397 365
376 32
368 416
148 232
122 50
193 194
407 463
192 103
315 357
171 175
439 477
254 470
58 479
341 225
491 110
297 463
445 322
28 96
298 18
300 306
298 189
357 188
488 96
245 199
498 472
484 388
397 490
422 261
451 235
177 252
162 266
96 282
222 22
471 96
71 201
33 455
227 306
445 454
254 479
208 330
232 66
101 399
133 44
351 185
335 71
63 274
4 111
41 440
226 357
343 12
282 275
499 144
418 457
386 288
283 53
43 39
56 3
490 390
25 218
355 453
73 353
408 133
476 214
429 360
188 218
480 319
429 134
338 57
28 304
317 417
64 499
150 75
161 223
432 209
444 160
482 406
70 292
383 370
359 29
125 31
90 397
169 440
57 87
348 358
36 364
244 123
467 7
177 243
326 384
211 22
219 81
418 132
85 391
365 11
462 31
81 94
268 199
99 456
412 372
42 453
201 218
146 435
235 189
379 84
248 452
333 310
233 11
409 16
308 96
324 395
421 357
199 378
376 375
313 282
377 270
454 457
269 276
244 404
123 444
139 415
438 81
405 326
92 204
163 194
38 345
361 102
248 353
272 303
316 268
465 346
291 73
266 367
213 142
259 403
130 138
33 426
239 158
413 459
476 203
495 94
44 148
15 401
166 465
251 383
11 220
196 145
180 181
408 207
497 77
353 284
127 58
173 235
293 162
310 475
242 295
46 140
228 416
435 93
62 258
29 403
120 433
225 481
280 267
456 474
411 363
222 129
417 341
274 127
398 134
169 254
357 87
450 312
250 53
453 76
441 494
469 377
370 39
383 45
413 84
60 191
353 431
162 398
193 132
186 55
175 28
132 225
264 422
163 73
358 222
470 364
334 446
165 196
58 316
336 394
485 39
266 377
489 88
190 97
392 308
385 468
214 409
499 90
300 244
37 161
248 33
342 359
455 434
219 448
231 14
253 38
386 80
140 221
335 255
135 475
115 249
355 389
473 129
446 105
283 308
67 353
215 260
323 184
75 321
258 88
203 349
409 358
380 359
417 87
226 329
109 222
458 309
74 366
333 426
308 207
33 100
150 374
223 421
60 268
181 144
66 448
282 51
62 339
78 412
240 199
495 186
114 284
159 444
250 387
186 9
63 490
288 189
6 404
196 118
401 367
480 326
219 75
379 205
415 125
141 234
21 424
72 189
234 36
259 212
104 273
417 267
434 108
131 322
19 86
82 58
254 294
458 438
62 209
398 432
337 100
246 281
493 77
158 85
29 290
155 291
249 58
230 86
70 166
240 500
21 226
450 438
369 304
101 469
447 23
354 3
210 142
221 109
394 66
168 39
247 456
421 114
345 263
424 267
229 489
392 167
393 218
284 58
147 458
70 171
33 307
376 395
377 145
378 487
273 468
418 259
174 293
356 378
395 351
140 52
73 457
345 344
186 172
194 463
83 392
417 179
415 231
168 137
450 340
55 346
58 355
390 451
480 489
249 50
337 186
7 46
153 60
68 230
252 186
271 243
277 272
464 375
385 335
148 201
66 3
52 429
44 171
135 16
402 382
349 6
258 383
186 30
45 378
454 275
318 1
323 38
280 499
147 296
327 90
361 162
251 257
210 475
295 267
247 326
383 193
240 483
279 468
281 174
282 264
35 166
404 448
343 317
348 313
120 158
31 255
264 224
443 202
357 131
157 270
349 188
457 268
437 331
54 439
436 111
193 199
53 160
240 70
385 429
258 323
137 419
194 271
146 324
465 58
289 134
177 436
449 80
491 415
428 223
403 150
156 403
212 256
439 459
29 337
265 34
401 299
381 221
10 40
41 477
380 242
31 359
58 315
404 373
45 118
71 44
21 436
319 434
114 190
352 406
213 464
219 298
114 199
250 22
323 368
342 391
381 134
439 406
49 45
112 18
338 430
193 42
73 46
224 169
200 476
93 76
58 200
132 32
364 458
91 31
489 274
376 423
196 232
95 160
111 439
60 44
198 37
360 318
217 11
105 460
477 406
105 393
88 82
454 418
12 71
142 456
88 421
117 194
286 105
14 196
158 480
395 312
196 70
321 381
126 430
410 257
42 102
235 127
279 243
53 486
465 453
153 280
359 213
412 467
218 107
421 67
448 253
432 54
1 379
408 397
384 237
246 167
255 272
340 440
125 474
269 267
114 499
148 10
313 369
421 86
339 260
361 326
70 261
401 261
459 290
256 58
235 22
305 458
422 138
283 22
355 367
226 352
421 149
313 3
158 244
85 340
168 305
42 430
308 154
413 295
137 481
18 315
456 408
332 429
474 372
405 246
329 321
328 156
405 74
31 451
207 10
69 335
11 215
13 297
138 284
368 388
498 169
243 471
84 377
456 385
321 447
412 394
458 132
150 73
440 355
130 169
135 408
141 388
67 278
288 54
142 135
438 119
429 115
148 325
470 362
99 4
191 91
49 108
402 122
422 377
100 450
364 189
61 129
211 212
134 495
159 206
107 253
464 498
256 437
317 429
82 208
88 131
356 64
433 226
298 447
90 154
17 400
153 124
11 335
104 181
217 216
46 114
444 206
414 311
65 221
17 112
460 297
329 285
286 61
357 281
273 479
349 159
433 10
432 112
489 128
7 480
423 48
342 57
41 232
36 180
347 328
400 401
309 278
38 447
417 413
96 371
225 118
152 339
467 73
82 349
273 290
378 409
442 278
198 153
263 215
267 233
96 98
81 118
22 132
274 145
320 350
177 365
315 43
149 16
150 352
359 165
323 135
469 288
334 426
64 421
209 384
403 498
108 362
339 84
146 220
36 414
478 103
398 93
194 6
440 480
376 349
381 112
260 176
19 472
189 461
244 147
387 117
65 483
266 64
227 410
127 302
35 370
163 392
176 34
454 231
352 288
372 281
319 141
407 246
325 481
457 487
459 158
362 387
182 74
69 77
344 59
211 493
52 478
335 2
239 445
420 449
274 353
206 302
72 190
269 286
444 378
380 492
58 12
373 462
204 302
24 113
358 61
46 142
324 96
369 491
168 246
34 430
401 228
87 365
241 408
112 180
222 1
205 109
204 113
398 317
491 41
140 259
399 267
274 72
299 84
265 494
337 233
472 28
231 54
239 415
433 68
25 79
275 473
2 235
214 390
228 454
330 51
432 422
335 114
16 95
493 417
85 325
27 117
166 385
232 373
24 171
178 330
440 444
28 323
104 377
352 218
425 112
152 333
433 336
257 97
272 471
149 392
157 333
70 86
384 350
38 436
212 84
232 214
493 420
408 281
116 457
121 472
13 95
246 211
393 340
277 88
307 413
95 239
99 434
32 436
214 106
372 452
245 296
268 243
62 300
458 108
470 23
31 117
258 55
259 66
236 275
368 219
117 216
169 484
255 141
154 104
152 444
495 70
288 106
375 278
355 86
76 406
98 465
270 499
439 398
443 162
229 496
248 468
141 229
247 164
460 15
386 56
314 500
345 498
489 61
38 26
426 84
350 218
487 284
499 196
351 105
435 191
417 192
224 126
425 26
99 145
364 8
326 298
11 248
252 229
159 364
166 414
172 91
81 215
448 498
105 463
129 224
10 176
108 20
263 61
367 71
23 495
19 71
233 143
363 53
447 5
1 197
56 145
128 470
133 142
154 56
103 84
270 425
7 315
423 53
148 347
211 111
314 9
440 287
155 239
202 355
114 406
209 294
467 340
2 182
426 422
256 376
200 419
395 252
161 214
482 245
9 442
78 431
446 156
478 150
275 179
72 226
246 92
361 18
460 320
57 429
97 461
51 80
386 321
281 223
101 270
49 467
396 132
18 402
82 302
59 89
1 344
241 250
99 250
127 329
491 138
259 78
245 410
455 418
235 111
151 85
326 220
400 445
120 452
315 414
434 286
291 1
109 211
293 432
27 193
245 328
52 165
108 36
476 336
142 352
229 370
330 188
56 262
441 473
278 334
300 165
97 406
206 473
435 102
319 214
442 129
273 11
108 186
64 19
268 114
131 492
117 150
480 46
37 177
265 332
244 188
227 456
489 327
127 295
89 400
233 189
134 247
358 23
65 399
130 323
404 281
358 123
68 143
270 175
319 211
469 117
178 292
131 342
64 384
281 56
27 237
403 91
410 391
75 204
425 358
166 215
164 429
168 195
352 467
235 343
153 493
249 195
28 37
236 407
289 432
271 9
279 445
237 7
286 50
160 496
276 212
88 491
283 145
169 353
243 247
69 162
361 69
61 469
328 414
497 22
6 396
107 300
114 176
180 161
32 437
18 281
23 219
103 47
117 444
21 414
119 467
483 433
424 145
364 68
239 469
47 490
421 493
4 114
487 431
369 218
224 138
34 190
139 448
119 126
424 382
262 356
18 493
346 462
135 5
242 12
375 413
400 77
179 373
159 445
296 108
195 301
180 82
322 426
319 44
30 177
130 38
85 47
435 17
302 31
46 43
459 483
408 235
111 36
200 187
386 70
238 451
378 440
209 404
333 307
72 335
65 310
169 96
246 163
385 37
435 81
309 414
432 221
406 408
228 451
479 84
431 174
184 112
465 197
226 394
98 430
243 326
347 64
22 37
403 191
102 235
181 405
450 394
168 343
461 219
317 324
351 188
415 211
299 330
356 223
467 97
165 97
347 275
171 261
220 155
89 247
37 352
92 341
239 55
429 388
45 468
367 26
169 114
270 132
318 415
90 176
449 86
137 104
474 326
419 257
75 278
258 451
267 74
114 159
23 176
272 156
319 278
170 12
98 53
203 295
357 324
151 23
412 111
386 393
169 443
101 202
403 382
280 125
251 314
442 26
353 186
286 252
452 403
119 286
186 21
357 253
321 424
123 353
68 98
219 481
237 452
193 295
133 466
130 302
487 446
217 77
398 272
64 229
148 498
251 335
276 27
228 273
305 231
473 185
457 94
226 34
413 486
51 217
316 428
94 125
127 397
290 384
153 248
259 82
264 346
93 233
273 163
343 274
451 443
287 108
326 217
146 337
488 301
435 21
449 243
434 237
103 428
329 252
190 418
448 64
284 295
3 273
37 5
199 457
389 401
107 409
12 331
398 377
332 326
389 474
224 269
17 273
400 275
58 460
355 459
305 459
82 260
63 136
453 158
189 144
312 351
17 146
272 457
307 379
367 383
54 229
197 356
371 363
15 85
344 131
135 181
139 175
349 194
438 460
54 252
44 234
88 147
360 359
353 33
24 75
369 488
362 233
32 406
136 426
40 80
314 191
258 426
17 281
144 107
431 150
277 280
441 499
277 290
398 451
384 71
54 265
236 428
195 296
194 151
75 419
469 429
379 276
348 92
56 334
259 100
16 273
181 287
421 148
139 127
158 433
219 15
183 409
255 177
343 484
173 345
438 476
442 107
104 426
364 22
326 53
268 327
24 158
60 249
231 240
257 383
467 373
370 284
364 372
10 395
469 326
120 365
479 492
166 434
303 460
484 299
143 438
491 240
108 266
410 251
192 62
406 226
447 297
439 285
137 261
434 200
140 248
103 22
41 328
480 171
409 201
87 390
273 473
161 278
215 106
362 24
351 318
346 440
209 195
272 448
290 221
489 416
358 369
168 118
370 402
387 43
160 309
71 80
419 436
19 12
27 475
256 487
251 222
98 399
313 246
223 54
326 120
159 304
315 286
422 355
14 235
234 138
254 476
341 210
205 296
239 306
226 486
420 406
12 269
22 13
18 423
391 480
476 378
297 468
76 244
204 197
156 314
117 6
142 94
111 51
139 332
392 74
479 202
28 167
342 432
491 14
349 492
300 39
348 379
379 318
353 176
130 414
273 395
493 242
400 412
460 361
473 215
297 248
429 401
172 382
342 358
326 63
456 69
51 49
252 85
22 432
34 289
53 499
386 495
9 188
97 203
437 222
253 354
25 398
330 467
131 490
395 49
330 261
14 155
295 269
226 296
395 107
87 28
437 362
294 244
394 275
415 244
428 55
302 142
209 56
220 457
63 190
356 364
318 336
376 306
242 196
211 343
228 271
388 481
361 267
409 104
492 143
454 26
236 112
133 179
248 333
100 30
73 252
216 133
274 90
344 179
265 249
322 377
422 103
110 401
29 413
429 112
73 234
76 121
284 146
375 57
330 379
139 275
139 156
58 260
81 476
35 175
127 97
356 260
190 290
180 220
207 400
474 294
158 180
19 184
278 27
486 333
179 14
170 234
72 374
323 412
200 174
326 239
135 34
94 138
256 71
312 76
334 145
79 1
19 282
239 338
216 401
375 332
416 467
83 419
359 172
464 183
212 305
347 120
258 305
290 405
317 288
497 126
321 189
269 388
295 493
378 382
451 57
421 315
451 489
367 118
212 339
312 43
339 145
46 244
60 265
310 89
285 327
229 130
270 467
326 401
50 350
449 451
430 344
203 447
196 47
335 145
375 137
205 269
464 358
128 411
131 478
408 469
51 157
254 326
35 64
210 492
408 12
393 21
182 293
145 163
408 259
16 87
286 113
229 190
79 342
276 94
393 306
313 219
133 459
72 123
249 220
378 111
1 357
259 84
59 403
72 71
289 271
60 94
286 477
446 402
432 347
343 84
380 196
339 94
420 43
304 428
10 418
288 376
160 193
32 77
232 71
57 23
257 118
179 62
473 233
149 388
148 139
279 163
340 377
106 427
455 86
441 145
327 236
264 374
457 293
11 288
454 42
261 443
168 315
64 462
257 431
12 450
208 144
189 134
296 426
25 35
313 389
297 63
393 102
124 408
392 144
368 133
417 24
61 424
76 369
60 210
335 192
345 8
348 483
255 85
140 162
124 280
292 438
347 455
324 138
24 152
131 241
409 435
492 431
118 199
420 1
57 489
78 268
276 167
212 95
10 439
354 32
418 364
484 77
415 5
115 261
446 377
408 53
231 185
126 468
432 97
386 391
425 476
160 38
96 458
111 275
451 310
307 175
241 327
156 493
99 98
82 229
300 370
359 354
15 250
438 371
295 342
417 54
70 383
161 184
101 382
431 343
440 2
500 265
85 260
419 182
347 171
416 326
368 272
121 30
167 253
232 491
226 65
179 180
53 39
251 489
25 87
174 110
74 320
302 323
38 95
413 120
449 206
234 261
181 215
252 376
296 385
125 181
204 445
23 34
294 235
328 226
500 474
48 91
478 70
445 180
348 216
192 45
420 96
117 4
253 416
408 214
21 391
423 347
150 108
481 136
361 1
490 475
418 196
329 303
126 330
453 13
362 281
228 447
122 33
138 366
325 440
175 215
35 176
467 317
469 475
276 62
303 93
49 305
181 342
130 160
86 378
11 306
101 219
258 215
70 334
133 149
99 401
444 219
384 78
354 160
260 380
51 127
437 125
256 24
438 270
241 322
15 375
221 256
162 39
84 29
277 454
338 429
333 120
441 125
241 141
341 306
196 444
105 7
220 136
419 105
387 139
80 397
50 130
132 188
328 126
81 486
379 471
379 438
186 143
470 333
253 282
204 216
302 454
476 12
309 190
378 132
183 195
45 331
85 454
276 350
129 444
184 481
48 4
147 135
277 95
