500 10000
348 151
9 3 -1 6 7 -9 6 6 0 -10 0 -10 3 -6 3 3 7 8 5 8 -1 1 9 2 -4 1 -8 8 4 0 5 8 -10 6 4 -1 8 9 5 7 -8 9 -5 -4 5 4 -4 7 -1 -4 -7 -4 2 7 -1 -5 0 0 8 -10 2 -5 -5 -10 -6 4 5 -4 4 -6 -9 -5 3 2 0 -10 8 4 -8 2 8 -5 -4 -2 4 -4 3 0 -8 9 -6 1 -4 9 -8 1 4 -5 9 7 -8 -6 8 0 -8 3 9 -3 4 7 -8 -2 1 4 7 5 9 -2 0 -8 -3 -1 3 -7 -4 0 6 4 -7 -2 -4 -7 -3 -3 9 9 0 6 3 -10 0 -8 -1 -2 6 6 -6 -8 -8 -2 -6 1 -7 7 7 -4 8 0 -6 0 -10 5 8 1 -9 -9 7 9 6 7 -10 -9 -2 -8 2 -7 9 -9 2 -7 -9 -5 0 -5 1 5 3 -7 9 9 7 -5 0 6 -4 1 -7 5 2 0 -9 1 3 -1 4 6 -4 8 7 -9 6 6 5 0 -3 3 -4 -6 7 -10 -10 7 0 -5 -1 -6 -8 -4 9 -10 -9 -7 -7 4 -8 3 -5 -10 -4 5 -8 -6 -2 5 6 4 -9 -8 7 8 0 -3 7 7 6 2 6 7 -5 5 2 8 1 -4 2 -3 -4 -5 6 -1 -9 -8 8 -5 1 -2 6 -8 -10 -6 -3 2 -10 -10 -1 -1 4 3 4 9 3 0 1 7 -9 6 -6 4 -9 6 2 -3 -5 -10 -2 2 -6 -10 -9 5 -1 0 -6 4 8 1 -8 0 2 0 -4 1 -6 1 4 -9 -8 -9 -10 -8 7 -7 -9 8 -2 3 8 5 2 -10 3 7 0 1 9 4 -1 0 -6 0 -7 1 -7 4 7 9 8 6 -5 -4 -8 -4 2 1 0 5 8 0 2 6 8 -9 5 7 6 -3 -7 9 -6 -9 -6 4 -7 -6 9 3 0 -2 2 -6 7 1 7 -9 9 -3 -9 -6 1 3 -1 -9 9 -7 4 -5 -3 6 -9 -3 0 -3 6 0 7 0 -10 -10 1 -5 8 -4 8 6 -6 -1 4 9 2 -2 -3 6 -10 3 -3 9 -4 -2 2 6 4 -10 -8 7 -2 -5 0 -5 -3 6 -5 5 1 2 0 4 1 7 4 9 -4 5 2 -8 6 1 9 9 -10 0 -2 -1 1 9 1 -8 6 -8 -4 2 -1 -7 -8 8 -7 -6 -7 8 9 5 6 -9 -8 6 0 2 1 6 -3 -2
10 392
490 170
333 438
169 359
331 155
6 326
123 451
370 259
24 214
311 466
254 319
424 178
324 490
209 382
96 364
120 250
217 244
28 256
154 85
381 133
486 241
226 230
175 36
62 190
125 392
337 157
204 243
202 285
248 434
98 112
268 116
55 474
499 460
140 432
64 419
349 262
224 479
416 77
23 118
358 71
500 121
262 385
396 225
58 241
254 51
116 98
95 333
275 89
426 95
304 249
439 267
119 2
305 256
281 484
13 371
321 54
496 485
63 413
11 315
24 213
497 75
292 63
242 177
17 274
487 9
71 240
335 196
300 1
474 269
362 371
78 3
78 197
301 474
58 419
190 82
111 301
402 240
95 27
212 459
183 213
100 41
182 128
136 247
300 248
181 483
353 159
51 78
284 41
294 489
139 231
250 305
422 430
373 288
50 357
75 443
296 54
316 139
63 9
431 130
371 305
423 161
10 340
466 245
368 40
498 373
309 471
153 215
50 384
65 273
422 151
326 321
4 244
466 376
338 235
330 153
146 141
230 196
473 251
135 433
182 381
156 148
407 361
419 250
190 191
484 124
202 209
164 459
312 403
227 214
237 234
322 165
414 483
133 157
430 481
109 387
221 268
465 9
51 386
273 427
78 439
383 296
234 398
176 177
206 311
276 187
185 261
102 405
291 156
367 166
20 202
65 142
93 377
472 240
227 371
74 371
63 312
491 373
326 71
398 446
308 390
70 393
323 393
90 260
83 6
121 144
96 460
457 388
242 2
353 410
260 51
13 459
413 326
59 311
458 58
475 142
210 351
354 288
97 288
180 166
166 208
250 391
8 484
223 363
31 92
130 324
231 190
420 116
460 180
93 26
205 158
123 90
342 392
357 334
406 314
492 12
491 379
350 91
321 210
252 21
469 439
270 438
163 285
90 7
399 170
439 366
116 48
389 427
271 1
445 243
469 497
129 241
209 187
401 356
238 136
267 261
385 421
484 220
143 291
204 249
371 319
457 220
143 350
350 409
17 34
23 35
83 178
483 377
32 468
139 61
85 188
221 231
96 436
479 79
430 270
282 45
252 214
60 66
46 45
43 122
444 251
493 168
159 204
494 181
345 473
230 288
377 249
461 481
25 151
12 352
134 27
470 363
469 242
119 100
445 275
64 396
54 49
156 21
81 357
315 115
344 67
23 483
431 307
417 148
331 150
434 457
477 204
4 3
442 440
93 281
491 204
382 154
383 301
234 282
69 142
485 73
131 380
364 476
366 288
308 436
73 335
216 21
151 318
219 468
213 142
383 327
461 267
190 342
484 357
202 311
100 161
207 191
155 7
224 326
495 470
437 99
170 214
35 41
445 46
232 398
177 115
433 263
37 133
274 188
317 49
303 406
498 28
464 30
395 216
27 489
488 224
128 149
318 153
496 391
171 5
106 423
15 308
244 295
210 15
127 211
142 129
481 98
410 420
261 151
253 416
254 361
241 232
420 108
215 271
224 2
471 310
262 193
309 168
143 423
43 303
490 113
364 422
279 76
90 164
339 296
465 432
276 69
150 91
358 44
114 344
441 177
293 332
354 182
108 198
83 232
86 213
271 226
499 159
307 355
481 327
115 29
370 365
191 380
10 153
328 459
228 27
468 461
488 272
361 416
135 159
261 156
316 315
332 147
74 413
332 204
258 452
38 338
94 431
106 42
111 461
453 378
255 189
323 429
89 487
64 50
284 170
301 234
148 259
112 129
206 283
40 357
431 441
390 160
482 133
57 394
153 167
212 117
94 393
325 17
254 133
369 211
475 14
200 33
241 453
165 237
70 212
23 168
293 341
361 223
200 179
235 207
386 238
219 414
406 44
431 144
334 268
471 258
331 64
273 212
65 334
310 274
276 443
463 272
27 407
82 201
325 108
473 283
366 166
378 292
234 457
453 288
345 308
64 306
457 70
384 355
431 297
62 22
301 138
81 228
258 395
279 30
217 40
334 117
423 112
232 404
35 13
399 179
392 379
29 332
271 165
131 1
441 366
445 175
311 271
8 454
42 415
354 250
492 225
390 273
455 410
362 7
398 159
339 15
333 460
316 165
186 483
341 214
13 43
409 280
62 246
245 355
453 384
151 179
337 253
313 267
71 241
76 207
181 112
416 118
74 421
7 453
125 185
19 444
498 215
359 203
12 89
110 121
362 46
441 35
59 322
106 380
273 110
38 438
411 318
461 289
273 369
124 458
304 353
434 286
163 330
1 371
410 7
118 59
172 237
114 434
83 103
111 289
197 271
49 343
273 210
199 170
68 422
78 202
25 89
245 100
28 452
281 4
184 179
8 201
382 322
155 283
471 206
189 423
438 378
115 175
432 419
307 462
345 104
396 293
381 129
467 172
357 197
423 132
382 287
208 288
482 350
491 114
206 56
141 108
17 163
218 309
137 366
254 260
47 499
301 87
343 42
67 174
33 260
126 169
15 88
425 305
31 470
397 13
191 252
471 115
178 280
273 184
62 141
460 288
435 82
142 433
489 26
244 175
116 465
342 11
209 72
434 290
197 362
476 123
27 274
333 487
479 39
279 297
409 254
166 357
55 463
108 491
89 303
23 123
321 4
94 269
392 177
131 387
184 384
8 222
48 432
344 409
278 255
7 439
176 300
455 428
231 314
178 36
341 276
351 485
335 67
4 62
113 150
366 461
494 220
209 361
27 110
489 335
55 388
358 389
131 162
381 184
313 473
498 321
458 240
144 222
496 300
487 152
268 288
444 48
263 74
411 454
397 422
55 102
469 320
189 319
91 22
437 48
309 306
103 325
406 423
71 124
255 426
89 176
457 38
228 151
254 458
146 64
83 25
46 29
167 92
199 184
327 329
199 174
420 497
259 149
448 253
441 197
215 199
325 263
210 243
482 72
357 37
321 181
165 422
270 228
59 493
75 343
452 13
3 465
78 64
436 225
266 199
242 464
412 360
335 71
443 285
7 445
148 397
455 484
209 280
74 34
415 428
282 296
47 1
455 324
222 199
315 276
226 456
353 185
215 398
120 263
16 65
19 38
207 380
490 231
439 17
95 150
386 96
464 216
492 177
285 485
198 476
335 399
150 158
37 208
161 248
367 167
314 245
485 247
8 420
285 12
278 357
344 186
292 357
176 347
102 495
499 373
496 159
76 382
398 313
462 111
295 233
455 478
302 484
86 241
49 452
234 371
42 329
398 74
361 364
202 461
293 311
229 282
71 215
417 281
267 106
224 470
5 377
399 369
214 129
118 289
45 402
279 60
416 102
494 411
459 162
223 43
110 347
442 35
298 243
202 244
37 157
419 232
112 70
284 474
238 159
86 214
109 186
490 315
449 306
486 378
342 340
361 210
166 453
348 186
312 255
406 380
227 255
443 319
388 222
268 101
303 351
121 124
268 59
395 467
443 231
33 462
489 122
294 201
402 444
347 33
427 46
287 381
36 285
166 268
213 128
221 453
137 243
143 168
418 132
269 253
421 318
427 87
228 19
98 203
166 10
210 471
368 381
460 358
70 262
237 30
188 106
98 256
158 283
80 61
379 281
368 2
303 376
358 189
450 275
253 95
131 351
4 461
322 325
205 211
323 355
419 400
112 71
229 349
457 67
4 199
292 229
492 78
332 187
211 440
347 272
382 401
456 125
321 397
301 128
222 251
138 252
256 135
306 111
432 75
120 27
35 481
385 116
379 1
25 317
172 65
22 119
287 256
45 416
119 333
111 85
11 240
179 297
103 459
125 458
105 269
127 138
11 397
91 354
251 132
422 432
467 489
459 444
21 472
263 253
77 326
127 1
164 219
263 186
308 462
398 228
396 279
476 400
401 194
190 442
148 189
116 269
133 343
269 498
16 254
226 283
411 383
180 142
485 25
97 258
22 309
21 325
315 232
70 319
187 313
345 419
403 395
147 439
308 217
444 145
267 334
422 442
446 253
468 76
129 40
157 441
377 361
69 384
142 155
431 228
140 319
243 124
32 226
24 254
335 242
238 294
54 432
277 497
401 336
83 106
83 121
180 341
25 166
442 42
178 141
126 345
269 499
75 476
324 69
331 191
416 171
492 372
206 390
24 450
103 227
434 171
178 285
361 443
449 278
235 454
252 142
293 140
348 190
117 125
272 25
86 152
201 380
104 197
384 366
108 492
73 274
63 83
366 451
307 334
342 170
332 97
199 116
120 86
466 310
261 30
292 311
43 496
383 82
374 25
190 252
81 454
395 240
175 388
473 153
286 244
201 111
127 8
329 358
192 201
255 94
80 297
9 287
162 422
311 232
86 67
367 4
57 471
465 422
105 208
456 485
84 491
260 240
353 290
393 472
25 275
468 300
180 244
107 454
451 250
466 417
88 464
340 69
274 100
274 491
359 88
275 374
64 112
215 177
491 294
369 376
144 344
193 338
140 191
283 354
106 16
232 335
359 294
8 168
171 340
148 93
118 116
364 439
155 182
94 184
76 370
91 271
495 57
370 385
441 464
101 466
101 66
414 99
401 263
67 307
25 414
301 89
331 186
183 77
234 109
102 324
145 476
453 479
303 442
134 327
353 18
151 343
93 106
172 451
81 252
361 189
134 173
398 458
298 147
303 41
391 222
233 399
495 41
58 199
284 107
194 400
83 373
261 488
142 363
442 328
446 260
237 147
4 42
109 93
165 149
277 320
422 444
317 14
141 126
298 474
34 49
228 249
140 166
187 205
297 122
418 184
444 352
76 355
21 427
493 26
397 212
446 300
179 238
216 209
478 3
237 235
45 131
327 431
230 236
257 457
222 355
402 319
194 278
135 405
413 45
155 67
357 475
317 280
381 10
87 10
450 285
481 141
7 483
59 170
85 329
206 70
176 74
83 3
183 20
417 166
23 208
488 253
458 430
3 237
425 286
105 400
56 243
191 196
65 145
231 52
220 411
321 364
434 461
55 358
424 239
469 223
495 304
314 153
139 465
177 432
71 301
154 332
100 309
276 424
36 318
98 48
161 28
227 18
347 276
189 131
249 352
27 138
330 12
110 85
314 459
37 360
457 261
296 242
375 210
241 359
486 101
39 173
226 215
409 159
130 401
334 3
131 272
330 477
30 6
251 483
178 134
177 379
249 499
379 237
479 196
352 220
461 106
229 291
493 85
20 24
440 66
200 109
423 12
489 25
421 392
401 74
163 381
291 207
459 261
308 276
302 346
276 384
287 289
310 370
267 11
309 222
389 206
94 238
456 7
52 180
88 368
451 389
6 354
456 96
228 169
6 478
487 181
93 343
99 395
418 386
384 315
131 317
234 419
181 384
362 22
403 402
30 187
326 32
367 24
417 155
497 131
86 301
470 206
258 219
123 483
211 148
224 438
283 150
161 276
4 45
245 22
200 216
167 10
52 261
88 410
180 139
197 288
291 304
490 21
105 496
148 268
284 371
230 10
20 485
195 105
235 53
219 55
365 261
342 343
108 353
375 404
106 353
54 204
136 52
296 133
367 423
388 49
184 334
150 187
172 455
67 319
403 81
381 18
356 248
40 218
378 455
365 220
133 405
78 347
143 321
397 27
343 117
141 175
369 49
461 339
144 466
81 396
497 187
131 271
303 255
99 495
364 475
352 106
355 364
338 40
233 380
317 350
340 227
149 7
120 163
414 265
147 224
458 70
217 417
361 52
234 407
317 202
439 208
334 11
319 280
127 240
361 31
105 114
425 314
487 433
332 228
463 411
76 242
437 462
381 362
227 434
227 287
139 298
265 327
260 488
462 165
473 306
290 328
320 314
471 357
435 485
216 46
164 365
169 465
163 461
479 257
273 133
15 422
189 407
376 196
180 262
158 439
383 61
210 411
422 401
488 409
239 357
60 392
59 293
266 338
209 1
212 352
194 44
164 369
473 7
490 400
398 297
79 424
483 329
102 108
71 372
79 102
445 197
30 211
28 266
57 272
18 425
264 472
2 249
183 429
210 394
165 272
180 183
220 314
347 246
348 39
299 439
18 27
52 126
39 81
415 63
210 148
350 375
36 288
246 182
398 77
243 220
471 198
407 434
427 330
249 311
432 414
464 421
183 314
218 90
193 479
285 180
67 109
257 201
316 198
378 299
341 474
355 142
423 86
474 293
350 100
304 164
280 76
210 339
167 364
35 346
415 66
269 290
109 221
321 97
178 374
30 41
222 6
147 35
294 75
199 180
377 23
289 127
6 383
465 15
197 141
365 89
137 210
401 402
186 324
346 83
469 102
78 28
370 405
294 222
271 486
436 203
70 71
8 191
19 210
470 437
69 385
134 264
233 274
424 105
275 303
195 150
270 385
351 262
429 294
45 487
393 59
471 295
66 63
210 232
484 98
367 204
379 165
38 240
209 398
390 79
186 486
380 268
18 119
458 148
317 297
91 290
301 204
467 268
167 142
22 495
485 96
345 165
308 304
29 310
249 428
325 59
445 237
34 132
33 234
56 154
426 301
146 204
426 94
326 373
36 127
109 144
332 448
197 360
269 358
75 204
331 83
435 220
110 112
240 163
441 13
356 224
92 306
112 326
271 283
13 337
1 458
193 57
312 461
214 139
327 175
395 109
97 22
28 231
165 330
43 263
412 209
231 275
202 481
40 306
399 358
460 336
456 13
52 305
345 270
138 237
159 58
40 297
259 28
267 177
23 229
227 165
177 333
156 124
355 486
321 32
444 377
236 350
95 259
202 73
492 42
269 1
326 208
195 94
216 315
398 498
69 149
328 277
23 472
85 449
212 353
50 388
5 485
475 301
126 33
475 440
217 31
272 355
472 265
454 363
488 118
221 181
362 309
37 342
326 388
484 440
238 403
269 10
266 378
130 81
384 404
359 163
318 364
174 78
348 424
250 109
88 465
275 412
485 15
166 138
404 252
389 57
275 213
53 411
201 195
114 108
162 151
55 419
68 146
111 427
448 265
498 272
260 326
133 308
140 349
281 416
67 278
11 35
465 201
355 254
309 351
136 484
302 72
51 23
125 23
431 296
333 267
224 261
310 37
272 495
483 177
335 146
245 68
453 304
330 199
129 201
216 346
389 172
46 419
104 265
120 73
294 219
312 364
368 220
107 152
169 244
442 96
54 223
419 86
118 386
283 478
15 130
157 100
44 73
337 103
81 405
179 298
288 309
98 235
427 227
212 128
368 363
292 54
11 416
445 201
454 321
356 331
130 212
360 33
90 117
341 215
464 295
200 300
90 377
361 144
44 235
378 267
456 310
443 221
345 377
298 322
406 51
467 36
340 334
137 415
444 485
409 331
401 257
442 384
3 481
86 143
26 222
216 73
31 442
260 404
54 129
202 469
407 250
157 128
334 402
238 423
456 494
431 378
257 105
350 437
74 26
134 135
126 386
437 69
485 4
248 259
268 278
99 258
437 119
497 151
500 222
123 427
80 136
376 357
125 166
307 372
82 324
451 46
142 290
400 445
251 102
334 166
204 21
361 37
128 244
11 367
55 64
98 458
491 485
97 304
104 288
283 355
303 339
216 489
223 230
249 283
308 49
171 463
190 346
221 272
324 93
310 302
436 130
217 184
230 126
58 103
105 402
470 77
227 9
161 160
265 312
206 477
226 301
35 123
403 348
411 481
345 142
23 84
472 433
338 394
237 476
7 291
113 27
401 110
479 278
306 388
89 412
435 224
364 37
148 143
77 406
175 113
300 174
43 181
124 162
254 214
212 388
59 44
365 308
203 371
267 65
2 341
233 371
492 328
164 398
256 36
23 260
121 432
218 199
249 325
375 476
446 456
304 103
401 450
388 235
379 341
249 40
247 175
460 230
426 25
302 118
221 233
245 335
243 406
150 305
107 468
297 254
32 33
64 178
445 91
287 423
452 202
357 275
323 423
353 444
215 28
283 129
331 474
120 182
154 411
250 373
322 385
217 397
357 434
20 67
224 52
382 253
188 411
462 366
71 248
19 89
454 117
431 409
333 278
321 309
288 379
149 320
270 19
279 19
193 68
61 163
23 387
402 128
381 433
474 357
479 456
74 266
322 216
42 488
434 165
5 429
89 343
453 474
188 82
156 172
336 85
488 45
216 32
85 465
209 125
321 186
170 165
98 465
339 397
411 3
146 240
389 332
343 8
285 174
234 310
290 181
222 422
383 356
19 132
379 234
446 310
175 231
162 64
498 345
439 391
378 69
101 432
290 339
446 172
275 205
333 152
65 458
238 430
250 222
346 385
14 480
54 377
196 61
27 277
482 326
37 275
343 485
459 358
251 37
132 345
418 273
232 47
152 108
350 346
378 22
370 61
217 345
337 486
87 291
432 282
69 203
106 38
331 380
176 428
46 106
472 320
393 165
173 144
137 191
118 29
51 40
483 288
442 155
61 413
59 346
102 162
133 248
364 491
470 423
84 117
149 32
38 155
155 446
34 276
472 144
127 117
27 422
326 65
120 459
134 15
379 99
253 301
386 425
26 87
50 189
101 358
156 184
111 251
268 97
358 298
359 374
494 305
328 46
211 373
109 172
87 273
225 217
427 184
432 279
117 457
302 165
287 85
236 153
429 69
275 85
92 96
116 92
192 73
482 46
90 331
463 25
150 442
11 427
69 488
482 285
82 135
107 183
364 221
463 26
361 252
236 471
286 136
373 33
200 217
449 469
270 287
396 88
432 141
377 322
467 390
496 355
39 253
406 170
451 201
64 384
51 408
221 447
318 101
13 339
242 220
404 169
331 136
101 499
431 483
417 238
364 129
307 309
88 403
350 425
437 155
302 131
113 227
270 412
152 473
245 124
283 234
162 91
202 6
106 422
345 110
430 130
102 451
51 290
121 31
76 50
376 103
396 2
458 146
170 52
185 58
435 53
446 407
166 320
199 292
209 448
178 272
264 261
138 355
102 348
40 490
338 377
64 218
447 155
433 48
360 47
262 252
191 471
101 236
325 369
199 349
60 233
174 417
492 71
1 227
478 263
291 112
266 492
373 343
436 333
239 9
408 89
332 100
36 376
445 294
451 332
127 417
346 412
463 488
479 244
428 329
137 471
363 3
478 265
274 297
16 108
259 165
409 251
220 50
288 269
195 333
397 365
124 50
48 143
466 270
13 393
387 364
395 356
171 311
488 447
86 180
435 444
500 486
328 338
320 344
356 436
20 77
318 238
149 225
228 194
370 230
54 88
436 241
243 259
107 160
490 319
252 160
176 465
389 110
196 426
362 396
132 470
85 198
61 296
327 334
191 498
202 77
246 381
33 98
487 391
475 93
204 103
395 364
174 429
136 396
93 43
318 334
232 138
388 17
20 459
468 62
397 114
336 297
417 349
210 438
413 81
3 472
6 425
79 206
84 184
453 49
406 130
168 496
136 54
130 158
189 279
481 226
493 178
283 331
372 450
263 149
239 215
275 212
428 129
266 405
485 32
85 306
77 446
141 145
43 257
290 313
23 252
161 380
91 36
175 348
182 171
233 165
248 58
19 481
441 48
417 214
237 275
215 212
469 405
446 148
308 78
479 289
430 267
259 435
377 357
383 229
96 471
205 82
445 29
349 283
436 431
255 209
209 188
288 488
76 216
264 238
7 285
485 142
431 124
71 315
81 169
211 335
124 383
278 308
88 432
10 483
382 95
170 21
477 496
208 4
497 345
234 59
161 90
251 151
139 342
381 79
392 115
64 239
211 398
440 372
88 76
455 315
280 395
369 227
351 21
332 117
437 468
191 260
321 190
208 79
122 341
34 343
468 288
410 144
460 201
486 273
20 73
356 2
67 74
274 69
127 299
426 11
47 403
323 411
291 458
112 117
193 460
167 125
259 140
14 410
226 270
274 138
143 169
326 134
170 310
40 371
412 177
77 335
191 305
125 239
218 310
119 217
430 227
229 183
366 122
175 456
128 194
344 397
281 390
64 346
452 45
17 199
407 192
317 366
40 355
266 345
457 145
137 451
424 159
218 321
167 138
235 155
224 110
290 239
132 444
329 217
299 426
384 248
213 371
224 312
369 123
211 178
288 140
421 486
244 283
342 100
365 282
349 121
251 241
400 75
356 385
226 225
443 69
312 234
187 162
196 223
85 380
416 438
354 297
228 309
290 170
381 158
133 389
493 4
173 141
300 78
176 339
148 499
278 359
350 494
174 119
471 316
185 305
61 66
82 131
326 277
342 288
336 53
204 32
195 265
140 9
210 326
133 425
215 32
31 441
20 451
372 298
262 490
93 351
136 252
339 6
290 180
90 124
307 338
140 387
434 250
388 137
93 462
483 97
92 129
187 146
462 199
156 478
171 417
483 169
497 271
287 121
372 188
18 230
69 43
421 186
217 299
111 438
69 163
241 283
308 413
274 222
302 445
79 331
266 232
287 158
122 74
363 320
290 49
106 427
187 20
492 265
46 256
374 281
429 309
389 364
123 47
265 274
487 357
168 255
311 12
467 252
356 71
322 50
485 449
294 452
103 48
446 390
31 499
310 203
164 318
142 366
167 276
380 246
121 157
262 248
123 487
195 31
49 44
55 227
138 175
256 408
133 232
197 458
6 91
115 65
375 282
16 146
168 277
388 363
151 415
446 160
65 412
383 184
378 206
8 94
237 67
325 24
162 461
428 449
40 324
146 358
19 268
98 436
284 160
177 465
354 285
449 252
56 270
349 465
123 72
387 330
19 136
450 224
254 143
226 476
498 423
344 446
173 82
196 126
231 192
146 331
40 434
7 231
324 450
412 407
460 84
119 111
257 413
53 413
437 128
174 117
261 271
15 194
419 291
325 251
472 447
416 405
180 268
220 468
185 35
366 121
304 491
147 330
112 488
248 37
424 203
255 269
47 495
196 288
198 438
217 275
266 457
418 169
389 173
228 241
116 111
355 337
225 259
108 350
340 253
382 142
181 209
346 279
67 314
66 204
65 230
153 138
214 318
239 198
111 152
438 331
190 152
419 287
149 403
439 374
454 385
184 70
47 22
17 42
185 253
154 148
316 354
363 497
265 192
384 484
274 22
71 482
436 90
53 185
52 431
216 196
214 207
363 493
194 245
359 75
374 48
337 234
107 112
408 78
343 28
359 415
113 323
109 178
179 277
256 34
80 235
230 176
398 44
432 361
340 239
245 31
335 95
254 408
198 115
403 6
148 250
496 66
404 428
179 409
322 58
275 455
317 334
414 381
266 63
1 384
186 55
177 374
327 2
372 93
128 386
90 438
51 492
39 128
146 107
249 44
425 391
401 19
438 159
276 312
390 303
128 421
332 377
117 50
168 118
83 53
498 253
237 217
93 499
167 154
289 429
431 486
370 453
68 59
279 374
24 297
220 190
322 175
339 482
439 429
310 168
466 292
185 30
315 297
371 254
448 322
418 165
141 478
258 198
238 342
71 75
261 274
257 392
242 441
341 494
427 166
252 392
61 270
441 159
365 166
258 465
104 279
53 225
252 7
224 308
176 210
86 222
466 219
114 199
333 250
96 421
497 489
93 435
339 162
1 490
191 427
67 158
158 460
119 86
295 449
459 320
95 407
416 404
73 142
4 162
204 459
393 140
300 387
37 296
403 133
477 294
51 108
345 400
130 359
192 104
489 285
189 352
394 188
487 218
443 341
299 371
316 175
219 98
248 273
342 192
168 98
289 493
402 126
414 136
385 330
14 109
199 217
442 360
277 127
19 214
162 338
225 62
295 143
60 259
358 272
431 433
476 335
271 2
351 433
356 360
154 11
221 479
27 25
108 187
487 1
278 114
24 480
266 437
43 288
218 262
299 384
126 217
3 98
232 186
300 35
351 169
370 270
237 489
179 203
274 416
178 162
212 471
196 25
335 398
372 366
3 311
244 270
365 93
317 71
412 73
474 363
376 413
356 102
376 219
70 320
230 68
205 432
438 362
19 307
58 116
385 168
280 150
271 120
217 173
30 487
361 419
374 320
158 207
42 164
208 244
234 255
487 382
88 20
131 7
184 465
186 94
413 130
236 194
56 108
52 357
337 150
361 82
10 74
259 327
176 288
186 314
399 349
372 415
28 467
332 309
443 251
309 123
154 261
392 249
220 132
461 456
169 299
104 199
447 75
226 380
130 286
318 52
325 129
82 384
394 419
120 492
380 18
422 154
396 354
383 158
169 305
362 127
87 5
354 219
379 483
459 238
68 104
413 409
72 407
101 172
483 117
142 15
215 431
431 105
210 55
247 178
8 113
358 8
182 402
220 465
302 266
289 360
69 27
342 161
273 100
369 246
156 345
278 290
194 165
131 245
73 386
44 213
301 53
193 409
277 242
275 5
316 457
87 324
394 112
497 275
352 230
381 232
258 306
435 225
265 319
237 408
51 462
231 105
427 306
490 404
137 362
438 308
498 216
192 89
205 348
251 185
497 472
311 203
83 384
131 289
277 307
425 472
215 85
199 239
18 173
2 126
30 354
399 105
325 359
148 144
304 188
47 282
61 352
278 375
372 206
441 49
146 233
449 286
478 179
238 83
203 82
51 211
472 53
231 39
180 469
195 407
451 95
220 324
156 249
21 408
337 209
300 332
404 431
253 244
141 445
184 30
176 58
203 267
166 186
46 233
374 306
61 359
261 25
287 92
165 97
212 278
6 95
468 500
257 240
427 465
479 308
436 307
493 45
98 56
295 240
424 274
149 291
170 299
424 458
310 2
326 135
109 485
476 426
447 482
265 74
489 202
48 83
350 104
465 23
287 180
270 433
84 236
97 74
179 25
265 321
52 331
374 479
298 167
77 420
50 270
374 417
309 234
420 295
157 477
285 414
71 376
258 63
398 202
376 94
408 171
22 193
148 313
4 1
456 420
358 83
281 403
250 217
133 234
460 205
468 34
111 75
479 384
279 130
480 6
399 116
32 147
301 65
454 491
76 410
322 164
447 400
219 249
174 400
440 29
143 251
404 29
228 37
89 369
320 1
1 57
395 470
138 113
247 98
453 158
110 358
175 84
295 365
36 489
162 427
123 288
124 87
400 434
491 53
10 297
463 461
176 55
471 61
330 15
65 333
232 363
464 276
258 113
99 492
474 155
67 454
210 138
163 313
432 347
229 204
56 362
291 244
186 429
196 158
58 36
16 81
84 131
103 244
439 457
9 44
65 391
356 370
27 353
244 223
434 425
265 1
312 147
284 104
176 316
171 194
437 287
487 86
234 263
307 182
227 257
372 101
23 436
466 193
151 130
255 97
174 109
429 469
420 485
149 138
283 157
70 145
183 258
154 478
10 47
230 330
198 436
94 299
77 483
315 430
298 402
405 244
341 268
41 468
251 87
172 321
40 500
232 108
178 416
47 96
31 193
370 330
271 207
175 181
155 118
273 342
374 153
138 59
103 183
345 108
150 48
199 258
239 490
308 172
215 158
50 399
208 264
219 397
7 5
79 147
19 77
22 175
494 472
255 412
51 486
365 398
193 407
280 142
47 216
466 275
306 11
288 103
156 265
90 433
405 337
198 373
242 394
173 68
184 353
386 114
168 60
156 165
497 294
11 252
38 21
423 309
249 490
405 83
462 461
94 361
438 77
330 471
269 452
393 250
478 82
14 242
96 285
20 467
24 208
211 320
180 338
350 53
95 208
89 63
189 237
175 320
435 407
17 474
191 248
100 312
112 20
168 224
374 244
70 93
28 306
43 72
233 191
478 152
98 426
414 52
55 134
21 91
118 336
8 254
261 48
214 205
186 435
46 357
79 143
433 250
271 253
376 294
382 381
412 462
496 46
355 433
474 461
163 448
202 203
84 276
70 424
223 105
368 348
161 460
342 149
97 316
252 367
378 412
55 211
483 121
356 431
368 134
430 341
226 410
183 46
278 273
274 185
288 500
346 106
56 87
363 339
90 9
362 224
273 27
195 248
235 66
407 305
257 161
281 499
232 69
455 259
192 71
359 494
354 260
466 172
182 492
8 12
303 78
100 66
391 365
301 187
69 239
264 381
199 431
134 269
212 74
286 332
473 53
384 109
327 408
128 15
226 67
303 492
336 464
419 97
89 65
136 490
109 140
193 113
26 340
90 330
106 54
164 292
363 105
103 394
430 218
388 22
248 134
223 173
151 421
145 189
310 426
367 491
96 288
14 411
19 59
424 247
74 182
257 476
428 325
345 168
147 86
167 300
1 171
136 130
211 328
238 97
331 393
97 465
180 185
308 255
491 227
439 211
336 151
82 289
223 414
393 103
6 257
360 471
176 45
171 283
336 398
487 500
206 256
123 237
119 277
46 351
276 11
329 79
231 322
110 216
27 20
403 424
488 251
251 460
91 216
178 455
331 386
119 5
12 300
210 8
213 351
402 295
64 169
458 366
164 500
500 282
179 293
429 167
150 429
358 225
119 158
24 307
213 262
480 72
147 402
278 338
420 359
213 295
290 158
215 194
358 420
184 204
118 424
215 53
310 238
315 463
462 409
20 232
88 332
227 354
114 409
323 81
347 261
366 59
229 386
245 174
111 197
201 353
183 292
467 75
365 488
303 466
333 294
97 190
40 11
324 147
380 97
473 223
325 226
343 181
213 393
294 8
351 242
300 487
440 65
62 378
165 144
4 122
84 75
445 463
69 402
476 189
251 114
170 332
31 310
340 229
142 465
370 458
192 413
291 76
146 133
342 137
129 354
120 33
9 301
16 29
93 146
485 469
259 85
256 155
384 469
16 416
121 60
90 337
97 222
336 442
483 196
138 5
301 266
471 297
311 281
201 392
186 367
452 37
191 11
97 436
362 326
188 497
318 448
299 470
394 37
345 488
108 165
463 84
71 85
404 363
218 359
325 192
108 442
462 446
441 109
499 57
397 391
37 345
17 365
295 430
347 92
355 221
145 226
111 424
218 95
301 100
261 27
214 345
50 442
267 41
143 398
144 138
138 209
172 370
477 102
185 199
121 24
283 172
102 193
393 157
65 457
322 277
228 358
187 470
104 183
176 349
422 264
159 296
22 397
248 390
478 157
374 152
477 54
271 442
279 294
152 373
109 337
323 214
270 349
15 203
221 398
48 478
141 428
184 327
332 173
340 277
227 176
364 288
311 366
20 46
152 430
353 176
234 468
332 483
285 5
471 355
190 164
359 113
24 143
247 185
278 205
341 231
288 254
315 91
42 380
77 285
480 32
431 420
216 311
311 446
484 188
241 373
373 327
455 21
456 32
109 416
363 103
328 68
183 331
77 392
405 74
149 126
390 328
114 172
269 448
378 414
362 275
7 168
232 250
487 456
197 330
392 429
423 264
230 320
420 305
217 317
185 82
326 328
89 354
311 303
169 480
188 160
157 423
489 349
107 453
304 150
217 315
286 299
398 210
416 290
301 31
469 322
17 498
144 403
295 38
150 490
288 294
315 413
307 423
279 25
428 97
456 253
147 308
479 57
73 54
170 408
471 134
483 255
425 59
60 17
457 190
292 472
456 360
41 21
234 325
139 146
128 93
61 364
319 472
102 136
162 119
137 223
237 410
262 448
285 378
396 223
378 320
442 11
419 81
196 44
61 94
348 471
67 118
209 359
488 441
406 428
121 319
70 161
206 272
15 32
282 101
331 361
22 464
470 76
20 318
342 483
9 359
285 500
96 75
152 280
290 157
233 444
1 128
437 296
113 267
435 323
338 58
384 240
473 472
23 24
44 78
212 341
34 131
452 62
285 121
303 412
461 391
467 482
259 44
156 401
5 442
189 452
219 421
157 360
414 17
144 423
252 433
421 127
131 484
169 82
455 485
351 100
336 469
301 131
45 348
351 164
107 208
484 206
208 240
83 450
293 132
323 432
429 353
174 355
166 81
59 66
447 318
305 365
478 143
90 190
124 416
103 298
287 424
153 126
410 9
331 280
64 293
90 399
251 348
375 426
256 489
257 14
343 323
207 192
308 442
68 292
163 259
149 415
420 402
9 119
327 40
383 243
66 260
319 255
296 356
266 82
88 33
434 410
42 300
332 34
180 50
400 72
390 253
70 146
252 45
96 366
158 43
37 334
483 436
95 491
152 474
282 261
360 308
438 384
205 393
282 436
306 293
139 313
174 37
496 146
355 122
394 447
12 217
87 57
143 41
2 462
432 165
179 323
135 436
358 330
451 178
100 417
41 104
323 307
298 278
161 378
482 266
238 484
418 106
322 209
89 210
359 2
22 442
437 11
373 354
4 119
40 443
407 487
337 463
483 315
480 178
59 205
441 165
156 462
249 467
13 444
145 103
344 408
12 43
438 22
124 329
17 294
366 408
315 241
104 32
292 250
318 14
30 217
487 265
346 498
259 398
220 67
153 376
194 411
79 492
465 479
258 205
414 89
310 17
28 286
283 168
217 228
143 252
20 499
446 494
14 456
314 254
12 7
420 220
382 129
35 16
94 381
130 7
109 195
192 414
189 293
55 180
398 345
137 292
321 325
78 87
305 364
84 205
169 211
476 354
183 324
22 432
477 42
313 2
375 236
247 286
275 290
346 110
413 174
199 371
319 399
286 92
427 348
113 244
281 301
374 215
2 479
380 385
15 228
425 5
348 73
55 196
108 212
69 194
73 230
482 98
429 262
387 289
168 389
318 160
66 73
389 298
335 227
209 492
152 4
443 253
97 26
364 52
72 196
420 49
431 153
55 153
222 191
378 159
221 298
452 174
209 283
493 73
99 149
11 159
312 67
136 492
250 353
458 272
303 307
187 429
317 130
5 120
137 70
53 164
349 65
353 182
458 211
326 471
340 352
347 284
372 373
3 457
15 56
486 493
415 180
280 79
339 271
484 303
496 283
84 430
87 99
405 447
111 436
95 136
234 235
75 302
3 427
145 478
219 380
96 186
433 489
82 355
329 228
295 72
16 167
399 42
398 186
211 386
391 410
471 452
254 247
390 432
404 332
103 190
440 279
271 101
353 442
105 407
297 474
455 182
470 330
351 446
210 407
132 388
133 188
158 411
413 375
126 96
384 424
192 290
197 425
22 498
126 267
372 434
220 320
373 410
470 153
206 273
81 481
266 106
247 492
415 482
280 424
420 411
3 186
54 62
467 8
321 130
53 142
131 241
181 30
83 365
475 337
228 118
127 58
498 319
256 310
394 198
190 149
201 438
96 112
247 332
270 40
472 145
333 411
216 434
468 387
353 160
191 3
386 299
270 1
418 215
260 128
7 354
42 491
75 284
18 250
214 273
287 400
175 91
20 29
157 221
233 37
72 299
83 345
132 492
132 283
297 389
227 355
157 156
229 457
12 168
89 427
70 398
80 344
200 209
381 87
292 372
320 405
160 304
255 166
365 80
160 106
310 389
453 29
477 419
409 316
15 305
27 243
469 132
404 66
394 382
479 269
393 116
231 367
485 167
413 163
275 379
463 317
308 156
301 106
7 82
145 481
243 120
14 442
230 408
82 265
404 246
243 344
307 407
335 90
436 294
284 51
389 361
35 286
240 10
406 246
5 328
252 26
441 498
222 223
108 273
500 463
398 487
96 254
121 380
482 310
18 212
52 367
15 280
218 245
233 294
32 174
470 145
122 24
136 179
178 395
7 264
228 199
198 246
489 299
360 417
78 261
216 23
29 421
468 241
55 270
119 175
22 214
139 288
294 346
254 298
158 148
172 359
328 79
247 100
375 356
151 276
491 197
218 118
198 351
86 286
140 373
416 50
320 476
240 377
88 247
398 58
331 449
347 448
287 393
335 366
213 64
78 237
362 279
192 216
247 377
230 180
373 2
79 353
348 183
186 149
16 166
468 196
24 370
166 471
28 396
203 79
301 143
390 16
203 164
253 68
300 461
254 38
416 121
432 222
203 332
399 161
28 80
136 49
412 41
159 460
15 318
72 349
190 175
218 287
240 183
118 239
277 489
363 281
304 50
431 16
284 48
107 199
466 67
439 219
442 452
93 144
126 1
384 458
28 314
440 97
451 261
319 245
32 496
121 433
2 478
68 8
465 447
287 261
67 357
267 336
401 426
142 47
156 260
32 400
49 60
170 265
12 76
269 43
13 211
69 177
7 290
492 172
105 452
362 37
126 376
135 94
191 155
170 160
479 109
188 7
8 470
200 226
412 39
174 314
350 287
176 15
308 268
89 144
399 204
110 53
366 412
470 102
43 327
287 468
154 206
87 70
427 25
1 398
165 50
18 448
188 155
32 486
39 6
442 394
321 445
15 447
33 492
292 461
67 4
466 42
164 478
263 357
83 302
450 278
282 433
94 380
62 46
477 207
120 55
309 492
260 34
256 498
215 352
32 415
281 37
11 30
455 86
495 444
223 344
198 337
425 392
337 400
26 49
384 358
368 366
440 152
336 308
212 281
287 434
41 375
185 302
158 48
206 325
326 338
361 379
285 173
68 44
31 206
471 150
294 268
491 46
248 52
198 419
450 311
229 67
396 420
316 96
352 254
102 392
310 494
193 453
349 230
10 23
411 106
285 198
86 161
119 44
197 372
455 260
326 375
52 236
213 334
39 142
80 425
209 287
465 470
93 110
33 422
141 168
463 321
138 158
463 101
354 242
242 108
79 7
351 389
457 262
289 22
31 36
271 236
474 137
382 272
167 449
230 253
409 469
249 162
248 92
89 494
158 314
118 468
249 154
192 206
24 272
392 440
203 490
428 349
21 108
377 140
355 331
178 161
242 246
474 77
307 90
393 170
240 3
352 367
343 123
386 39
492 190
485 123
121 307
397 111
86 288
183 449
185 436
133 153
8 6
160 379
328 378
207 343
312 404
373 39
101 473
412 3
416 200
233 255
486 303
296 481
148 421
371 50
104 271
334 253
402 486
81 153
169 433
172 21
106 228
12 159
266 224
73 148
236 377
355 31
217 62
160 104
388 451
301 4
452 310
133 412
42 244
91 406
177 408
218 432
428 352
152 112
284 123
478 139
223 82
282 359
435 399
42 391
374 378
27 416
214 65
28 65
112 498
319 82
414 441
217 309
94 398
249 37
259 285
130 334
463 167
406 500
371 394
74 305
122 120
421 117
238 72
261 394
87 135
324 58
139 188
114 304
76 261
267 72
38 49
462 108
239 294
387 342
264 322
147 75
357 228
301 288
330 325
472 57
415 140
311 301
360 271
328 327
306 184
168 369
446 475
106 302
51 320
182 445
418 361
131 130
80 143
314 53
372 338
134 268
149 488
435 204
239 184
248 43
450 59
467 81
490 89
358 230
223 302
22 316
425 331
328 283
109 166
133 106
406 236
106 172
155 186
492 463
108 7
226 18
104 100
256 160
204 116
349 113
327 454
214 432
283 369
435 443
119 500
33 258
307 2
441 85
493 75
386 110
121 289
85 168
42 46
183 197
277 365
74 407
14 473
77 224
419 14
183 56
369 333
367 21
189 384
193 253
383 255
220 471
87 366
362 299
43 186
301 232
355 217
443 23
209 64
231 402
243 437
378 470
90 213
427 92
115 459
87 422
41 400
45 213
277 255
482 304
483 105
75 495
387 486
223 347
362 361
495 108
391 380
293 99
299 222
442 117
266 3
40 182
82 247
223 321
140 18
446 51
396 291
362 348
460 122
132 16
360 411
127 479
341 13
207 101
224 120
201 491
56 423
48 66
59 391
415 337
486 349
125 292
443 127
449 372
315 185
423 204
84 259
124 239
410 374
363 177
4 359
331 258
271 440
86 181
9 84
72 492
143 278
319 150
280 151
365 28
71 345
16 364
268 257
240 13
357 167
262 250
400 150
150 19
23 184
101 368
255 235
388 104
339 459
139 459
387 134
121 119
44 420
242 198
404 4
299 106
66 469
266 242
411 70
435 431
301 490
49 454
156 4
164 495
442 251
162 378
150 302
424 45
290 380
21 277
354 416
263 37
454 108
337 378
94 47
136 292
113 207
79 113
365 433
188 437
33 208
204 469
452 79
352 300
208 462
177 258
97 294
213 146
79 489
163 395
137 262
174 90
68 294
229 135
353 364
444 151
34 138
246 120
251 202
382 341
313 344
325 440
361 222
369 410
352 318
228 188
24 465
36 63
184 65
133 426
232 314
72 94
262 26
438 7
140 261
366 34
130 301
94 493
200 27
74 430
58 165
161 401
458 303
270 314
384 242
335 499
442 410
360 63
295 120
20 464
15 217
378 25
210 2
272 441
316 114
260 364
208 75
10 14
88 373
429 111
266 495
150 500
352 275
340 295
164 333
469 329
166 137
136 437
493 95
248 499
216 332
163 400
279 226
492 180
176 97
92 345
389 499
379 371
66 406
2 365
172 227
132 36
327 403
71 96
311 469
160 296
405 484
337 143
444 37
356 250
32 474
204 345
366 449
467 2
166 406
377 37
384 370
142 9
374 356
500 5
6 330
32 155
245 57
351 302
445 265
429 288
20 214
376 271
159 413
104 257
198 8
332 106
449 335
489 400
55 431
444 277
143 135
356 496
443 248
312 241
390 482
161 81
91 184
310 140
138 189
370 300
387 331
23 371
255 208
119 368
152 171
488 413
104 377
324 244
75 158
258 308
195 419
11 71
455 117
496 431
101 264
416 255
405 385
323 30
382 136
273 142
340 92
401 453
337 231
187 121
47 459
57 409
69 48
307 46
430 291
120 318
434 72
50 47
361 145
385 111
136 210
427 294
210 383
52 114
483 193
86 298
346 329
2 280
322 227
343 102
325 89
29 211
367 44
443 414
33 59
365 274
303 459
189 490
94 9
224 226
195 260
439 35
25 205
249 52
469 334
53 68
389 303
211 65
173 386
486 385
103 3
169 151
193 394
229 51
27 48
342 362
78 294
75 42
469 139
89 378
281 110
244 119
143 281
462 493
458 316
363 500
236 266
278 376
148 383
305 336
7 182
496 204
125 477
73 453
224 38
379 41
221 122
344 400
497 132
37 73
160 45
139 197
95 153
211 137
213 268
198 295
290 149
121 457
288 370
410 468
370 473
307 210
366 291
166 103
54 350
295 6
400 300
396 167
368 158
180 267
68 155
54 245
493 474
222 386
315 66
411 271
60 352
386 228
381 265
150 409
134 251
455 304
454 347
94 128
429 21
273 101
315 56
42 287
71 370
215 481
426 339
102 434
18 436
378 365
165 402
398 66
132 400
17 361
30 325
265 480
150 404
86 359
32 189
25 259
164 195
422 71
76 365
388 15
362 431
120 171
89 142
29 494
456 127
82 78
327 112
325 78
358 394
159 308
465 364
414 396
413 209
204 161
382 222
381 121
138 84
189 211
107 210
270 21
380 284
93 285
452 282
205 207
122 451
204 413
167 445
331 262
290 9
249 264
251 240
222 464
247 260
473 243
92 259
20 447
301 345
139 70
311 165
232 471
320 449
379 421
17 132
182 418
460 274
477 348
202 100
85 472
467 128
482 85
192 155
470 168
326 399
76 87
21 190
78 441
454 226
112 390
185 168
212 369
177 62
397 89
434 327
440 38
476 16
344 385
131 83
439 71
395 463
499 303
291 334
497 51
201 418
270 102
169 1
176 315
17 455
91 124
29 196
454 151
205 466
82 92
399 260
362 126
389 462
127 223
150 152
123 187
296 335
238 314
176 221
469 319
366 103
338 312
150 236
200 256
155 66
148 416
476 192
152 282
137 203
232 236
253 386
455 26
182 63
436 123
419 494
412 198
228 335
105 2
44 328
432 230
101 216
36 163
212 378
311 432
277 99
308 38
244 427
162 322
241 10
103 365
55 409
22 70
104 27
289 434
90 313
450 67
257 200
338 98
116 183
242 3
360 414
386 357
15 297
446 162
234 443
246 85
7 96
365 311
59 85
485 409
440 352
289 440
166 40
247 229
150 25
19 71
471 216
427 437
381 191
35 482
434 56
129 385
136 361
462 196
174 284
478 10
385 350
270 257
97 426
459 412
123 109
272 212
366 263
105 418
285 134
337 371
98 239
239 304
173 189
158 209
207 406
175 271
20 179
244 437
301 206
229 418
362 131
364 196
160 383
223 109
63 296
444 184
317 44
236 312
377 447
216 90
255 151
7 74
450 105
462 324
4 52
410 109
22 356
214 320
477 100
497 387
112 272
290 120
100 499
213 5
145 58
145 338
125 48
458 402
270 364
91 142
426 35
50 102
451 301
355 374
67 446
311 439
168 430
453 222
188 245
363 413
279 399
86 373
221 214
401 376
339 474
467 423
147 301
311 258
45 55
13 400
106 119
272 78
96 282
124 290
310 473
331 453
367 157
316 100
317 426
171 321
460 50
213 272
360 183
29 8
286 97
328 78
125 303
28 294
113 481
160 482
268 44
131 253
130 374
209 314
224 46
188 18
132 352
375 83
302 436
30 424
58 27
126 465
282 49
121 42
481 444
407 423
344 258
201 273
496 74
48 81
292 464
389 293
254 284
461 238
424 405
489 177
461 129
9 459
284 214
377 147
367 437
451 47
254 332
179 308
121 50
214 142
214 127
382 278
148 382
370 392
204 343
216 361
341 374
297 266
475 97
433 97
82 51
384 325
468 391
139 365
494 275
465 332
28 348
311 463
358 350
204 221
478 36
394 94
395 137
499 358
264 296
310 231
269 189
454 142
34 469
295 44
201 17
226 245
369 44
21 305
272 52
381 39
189 140
274 179
399 157
66 311
452 469
343 235
137 139
365 344
488 241
56 352
272 132
239 449
423 488
410 66
236 283
66 129
406 10
187 353
209 27
208 435
474 414
223 235
34 147
453 281
492 306
371 477
354 266
244 367
98 299
313 367
176 394
376 2
137 305
250 198
454 132
434 236
349 341
7 81
319 4
326 27
376 435
212 107
474 454
385 450
425 103
373 396
97 474
25 203
321 362
242 359
197 52
17 415
269 50
432 66
343 160
99 116
92 333
57 411
418 301
315 52
395 32
206 422
224 381
482 187
190 184
403 172
290 392
181 118
412 291
87 224
207 239
385 264
113 299
446 190
48 343
402 367
155 399
412 313
321 438
210 476
419 134
249 258
431 88
87 90
397 329
35 417
52 89
451 414
145 81
72 455
96 292
242 59
273 223
78 428
297 396
291 172
304 85
425 430
438 420
65 378
8 314
33 161
185 402
308 310
281 439
244 323
476 433
339 441
247 423
299 351
255 229
269 377
164 172
321 200
216 302
246 418
54 118
270 153
352 155
238 53
314 420
350 314
425 50
176 449
200 150
423 354
262 437
477 81
144 241
69 188
238 102
261 75
172 490
184 391
390 125
23 206
421 492
308 221
72 202
137 29
460 227
221 345
389 41
332 275
142 344
164 193
357 101
68 357
271 161
4 305
494 395
324 410
148 194
293 322
240 184
193 455
16 335
234 434
98 441
169 50
351 204
224 14
432 119
107 460
145 3
165 92
155 335
114 149
402 39
47 275
484 244
124 208
138 137
102 289
283 126
349 63
103 283
494 427
435 128
380 462
250 417
482 57
476 60
129 395
405 174
38 92
460 77
333 313
46 92
446 199
114 294
104 249
114 469
159 297
340 407
189 127
84 429
464 309
492 169
427 52
290 482
468 432
352 262
378 261
480 367
466 465
5 345
383 372
408 404
360 94
126 391
24 471
329 400
482 99
74 33
270 111
456 181
96 22
221 276
321 28
429 81
59 424
213 197
249 400
319 253
428 74
233 451
60 444
331 140
332 492
429 214
101 33
475 95
276 55
24 79
141 174
113 232
58 37
16 70
331 89
355 461
497 414
243 160
396 27
55 303
68 372
256 67
282 263
200 345
292 35
217 399
207 87
438 474
416 73
319 55
205 377
382 105
388 161
441 145
225 323
324 19
467 93
466 255
241 32
203 196
84 366
182 227
76 14
154 367
23 203
124 63
70 310
268 264
374 5
195 117
58 75
86 413
428 255
243 84
270 339
211 193
189 400
43 117
84 123
213 149
310 433
248 377
71 8
11 251
128 223
294 161
154 244
433 368
173 477
222 126
473 341
102 311
100 244
283 281
477 394
375 321
448 98
96 196
185 480
175 339
218 9
464 178
152 131
101 414
202 62
152 424
130 377
31 466
353 419
187 377
119 83
188 172
31 458
402 109
98 356
25 266
226 22
124 469
237 80
196 102
310 130
370 422
457 467
146 391
436 103
228 251
290 42
455 92
179 117
40 430
460 178
296 131
228 462
62 341
134 288
22 385
315 187
359 212
34 493
377 402
450 461
67 423
370 302
406 385
372 36
120 133
88 251
67 339
11 32
212 111
231 125
427 124
425 253
44 13
398 268
394 231
336 335
235 314
179 202
154 347
337 240
334 398
154 211
132 13
430 339
169 148
74 90
461 500
486 18
322 142
256 416
344 231
183 264
267 165
361 371
354 377
410 267
279 161
211 84
345 418
60 473
91 147
398 30
386 364
222 58
460 31
337 120
108 383
185 198
58 390
291 124
143 70
105 286
72 232
376 115
420 387
326 104
143 335
108 337
387 255
83 21
421 228
81 191
253 259
493 40
356 164
372 371
82 79
264 307
97 17
273 229
297 223
250 208
119 204
216 186
374 190
122 433
151 137
193 435
33 446
47 145
275 495
426 344
430 245
205 21
77 260
314 268
374 68
206 359
247 268
292 13
7 465
96 30
23 132
219 456
73 491
81 5
251 56
32 170
451 182
49 71
476 349
335 409
446 281
265 353
221 389
25 348
166 337
369 316
157 428
316 464
447 17
385 97
382 134
66 166
2 47
132 112
325 141
234 173
389 139
226 84
12 195
264 185
168 287
207 396
352 183
115 418
181 222
316 414
131 160
342 109
60 247
276 35
87 36
424 19
128 92
334 73
159 206
111 467
6 409
479 329
463 483
428 232
475 100
468 74
323 259
58 129
193 16
318 76
131 412
296 428
90 160
317 108
199 9
152 140
201 484
289 475
181 223
376 493
462 285
369 116
155 183
414 318
474 211
362 36
67 325
256 374
240 232
498 4
79 141
85 203
305 479
374 349
232 455
206 494
204 282
95 373
462 335
478 65
277 182
439 238
28 273
233 63
443 286
463 5
468 164
238 235
341 384
36 428
490 69
20 420
216 70
250 413
40 66
123 409
309 261
148 393
288 11
261 412
448 385
326 176
71 458
3 257
148 38
209 152
356 81
361 478
110 393
443 146
158 321
134 240
221 32
383 270
335 456
442 48
400 11
476 196
207 462
393 207
151 149
475 360
84 423
43 124
463 482
223 387
442 393
125 426
179 418
265 473
28 168
486 380
131 348
334 204
323 139
299 90
110 274
105 78
176 140
148 303
295 221
186 273
244 19
386 445
7 479
246 270
403 254
498 184
226 329
183 380
154 282
123 55
319 382
461 262
180 266
92 392
12 192
75 184
75 315
275 83
235 209
49 337
191 26
194 196
152 482
364 121
364 8
15 163
62 292
345 298
137 408
404 234
254 395
122 32
428 38
471 35
442 342
10 54
270 274
419 453
171 499
316 277
263 6
214 70
148 70
258 155
261 20
234 218
258 400
19 387
493 461
63 406
455 144
13 303
277 363
189 459
45 75
47 45
329 394
414 456
132 250
201 496
226 213
322 114
456 267
451 347
330 180
273 211
96 128
284 310
59 46
419 408
318 385
185 91
453 250
340 467
297 14
20 388
423 430
214 411
412 288
494 139
261 177
60 343
307 203
334 347
301 359
247 28
335 358
495 15
389 379
498 360
371 448
191 256
326 304
272 406
148 465
486 275
43 9
228 404
120 58
484 364
491 23
146 339
449 288
481 299
6 17
375 383
95 225
276 100
16 280
214 222
294 137
373 149
76 162
125 347
55 6
104 320
353 341
221 300
302 249
496 215
166 143
320 347
210 270
332 152
358 474
184 248
263 88
419 258
408 287
57 2
255 299
353 465
317 399
404 493
7 227
453 409
79 76
190 237
393 402
175 192
468 91
74 493
496 299
357 478
250 228
341 4
242 317
106 8
490 31
136 440
245 32
360 280
185 447
43 220
437 371
180 18
85 333
429 101
397 313
76 89
467 463
169 445
12 2
473 260
348 303
18 83
345 153
219 87
24 5
354 38
308 412
491 359
450 347
481 260
227 476
465 270
196 182
237 107
27 155
413 278
9 223
469 221
448 85
316 228
156 481
119 17
90 375
179 487
280 254
225 345
448 341
48 39
294 111
71 441
279 112
429 119
60 177
175 26
126 60
486 332
113 457
54 84
254 204
167 36
360 112
42 246
424 229
3 498
387 482
325 362
182 23
223 253
121 444
28 265
106 143
246 325
248 24
112 215
306 407
289 236
500 161
211 494
262 398
281 349
475 45
41 93
335 383
320 84
465 157
52 14
403 56
453 357
416 382
436 317
471 64
486 269
240 250
140 137
481 391
451 429
139 358
378 370
246 236
293 126
88 115
175 346
296 5
57 249
349 78
332 337
23 446
469 444
154 396
120 206
479 146
251 359
248 382
126 195
279 186
411 369
155 393
431 463
414 221
437 213
172 9
268 374
130 444
475 268
210 252
100 435
278 344
390 359
276 193
145 134
362 218
66 271
473 114
130 472
120 104
500 200
204 150
330 143
17 494
321 45
67 392
299 148
295 212
165 175
383 138
69 345
302 28
344 167
394 253
240 122
204 361
413 471
97 262
273 400
250 255
498 6
486 399
264 216
459 123
54 127
359 189
192 166
444 271
359 476
284 349
144 366
105 499
162 376
365 469
265 215
128 448
57 371
229 472
352 79
104 42
485 461
153 369
200 371
266 203
393 339
55 264
102 57
141 78
342 54
291 98
482 470
496 373
406 296
488 415
254 493
5 367
254 421
452 271
500 294
167 63
190 204
487 301
436 384
329 102
438 186
379 225
81 333
1 136
156 42
239 305
349 48
80 217
490 482
133 240
59 79
430 321
12 406
369 188
388 279
20 192
318 2
35 336
461 222
458 229
268 460
337 273
257 442
427 49
289 426
74 61
399 180
304 10
326 387
182 314
118 418
353 63
240 79
306 149
393 57
334 379
471 367
360 364
16 136
307 348
352 392
26 474
184 125
249 84
81 251
471 328
407 286
292 131
67 351
498 477
385 203
255 298
290 223
344 452
72 487
423 245
355 260
419 378
79 9
161 369
372 470
202 414
301 14
296 181
317 500
294 80
426 134
393 495
297 457
459 345
313 177
314 208
297 33
84 24
350 198
6 262
287 45
456 384
16 73
463 187
327 190
52 482
185 476
189 290
171 401
255 289
158 348
230 313
230 490
266 211
480 75
300 236
486 373
492 187
8 181
56 16
300 214
315 68
437 307
355 34
333 341
417 464
322 435
449 42
380 92
123 488
53 93
270 82
62 82
18 32
409 41
21 450
252 137
390 498
157 497
342 114
186 350
69 287
225 349
160 378
441 470
393 39
109 323
459 69
99 96
277 137
133 2
423 114
132 302
107 101
296 354
297 99
376 256
322 317
497 237
56 65
255 37
48 122
62 464
121 399
465 279
337 151
114 499
53 24
176 212
78 98
262 272
220 156
454 298
211 167
13 439
27 166
294 54
172 352
467 241
167 57
66 53
5 205
223 450
438 302
145 462
165 139
427 41
56 283
379 424
306 31
74 132
117 209
485 424
450 284
375 281
98 94
345 84
27 316
251 273
218 295
495 151
499 213
306 487
496 382
491 475
18 234
474 194
49 446
256 308
302 356
76 497
40 345
473 71
280 195
22 384
216 98
105 79
34 153
274 140
1 32
86 118
303 377
289 398
240 203
28 4
318 307
363 54
392 369
442 275
45 218
394 425
73 105
129 295
214 54
10 320
46 288
114 90
222 438
270 329
473 475
106 124
289 368
2 395
462 263
217 284
22 138
111 380
115 149
291 411
459 448
486 295
4 459
358 339
174 89
222 52
88 232
50 60
440 163
495 30
15 30
277 163
389 189
381 402
266 431
209 397
71 196
220 35
335 38
143 119
24 355
283 43
351 355
39 61
105 28
364 177
140 449
29 376
7 420
216 117
97 454
348 218
109 445
393 19
210 208
468 187
381 175
341 91
288 467
209 320
198 475
223 394
13 480
413 48
54 424
313 241
248 334
182 425
223 209
324 101
113 327
330 152
5 52
339 114
9 420
413 13
216 180
76 339
387 421
150 372
310 322
193 95
442 221
194 403
226 182
105 51
255 176
498 402
94 138
98 278
417 85
444 234
440 321
441 438
108 237
335 318
202 116
298 133
470 402
365 62
459 255
249 396
93 34
179 114
440 236
107 312
103 239
5 237
322 248
304 440
149 140
101 481
169 55
101 355
130 239
479 70
327 375
263 207
84 227
435 479
460 473
16 450
252 420
61 368
208 36
480 438
331 82
171 6
59 473
427 269
472 225
205 489
213 59
7 44
272 289
456 431
276 57
232 79
389 165
18 72
147 72
239 162
168 398
493 390
351 438
455 112
254 71
352 277
203 455
143 145
3 418
133 211
128 251
222 20
219 246
158 129
453 59
4 92
209 259
261 44
324 265
90 492
434 116
5 217
437 117
128 449
340 434
148 324
19 494
321 460
94 282
290 476
296 308
362 250
443 252
284 350
270 26
109 274
142 341
75 199
213 211
286 388
74 155
340 184
170 275
63 451
381 67
53 199
270 122
279 389
193 34
216 139
289 310
407 129
111 485
338 204
126 146
481 388
52 168
344 364
293 103
476 334
155 221
487 142
19 455
2 151
73 367
428 300
391 430
447 463
405 276
26 30
69 363
499 110
39 297
111 464
474 488
99 321
191 463
333 283
437 85
152 347
402 35
110 195
273 261
210 35
255 66
361 291
310 415
150 267
310 147
449 57
135 145
224 146
102 484
68 34
128 350
159 109
344 55
412 376
465 56
357 96
82 56
54 91
416 75
425 336
108 347
476 475
491 241
433 228
85 361
284 370
242 473
313 168
40 145
329 312
142 187
484 283
228 232
21 265
303 250
110 179
365 176
442 140
101 370
375 232
88 92
166 155
13 458
275 58
54 109
319 209
425 124
212 439
480 263
218 140
13 86
87 323
257 24
316 301
281 423
425 42
92 284
281 16
374 58
417 456
379 304
156 436
346 304
415 432
396 440
143 202
419 286
332 251
173 60
486 191
340 94
243 121
85 412
172 110
113 14
15 402
248 408
390 185
70 82
224 401
217 344
282 491
90 27
338 21
137 315
25 105
333 20
39 388
348 18
334 263
353 310
159 272
202 69
91 44
257 351
499 202
193 344
499 137
63 187
250 382
295 28
372 397
79 164
93 76
314 447
402 17
472 35
344 87
434 276
473 423
54 52
114 240
74 169
385 308
177 472
439 93
383 268
492 213
146 94
82 158
370 45
96 140
122 177
159 289
305 210
468 337
483 461
89 260
201 118
141 229
10 386
479 316
293 408
421 97
449 299
444 369
182 321
82 263
132 114
467 335
352 378
302 291
482 16
51 488
68 415
283 131
102 146
210 142
305 114
291 67
124 47
23 156
369 32
347 479
389 289
95 41
479 447
38 192
127 252
167 145
99 57
24 30
201 309
344 120
447 210
126 255
382 281
293 176
409 439
480 291
474 314
28 155
447 445
187 136
100 353
62 366
85 481
459 107
308 124
310 187
112 184
2 98
312 254
335 354
160 299
104 59
112 374
146 145
129 442
125 374
436 351
462 342
387 10
440 417
124 412
455 143
253 38
342 404
221 430
221 338
321 288
192 167
498 63
126 331
207 303
209 438
439 112
192 247
141 80
139 240
171 124
305 332
89 184
482 27
249 380
422 204
217 94
2 127
61 269
309 57
236 130
104 427
403 375
323 365
133 294
263 268
276 283
44 76
277 251
403 153
296 358
112 179
333 61
420 471
301 398
5 40
221 230
330 366
61 455
321 38
308 136
43 58
198 2
180 437
88 491
22 268
125 99
298 48
188 60
74 89
348 110
144 287
360 167
75 363
73 344
133 31
457 370
440 6
432 154
439 15
294 40
349 103
485 49
33 199
183 10
33 112
233 348
437 322
382 356
112 143
299 19
372 353
16 100
278 380
63 180
228 45
48 2
4 348
73 452
431 474
159 100
124 381
177 312
133 352
243 273
334 485
73 451
78 172
52 169
57 392
378 193
150 313
24 108
379 106
406 167
136 421
150 354
40 21
293 100
105 296
307 346
429 10
33 274
36 391
269 130
425 367
444 67
427 248
154 401
124 136
390 388
111 166
420 479
355 68
351 426
55 115
207 266
178 260
143 71
48 289
442 421
157 60
482 111
350 493
35 359
312 440
189 124
435 405
263 320
76 309
109 87
156 119
266 272
229 337
350 376
192 270
250 310
209 31
110 55
342 78
238 404
473 33
302 489
471 391
45 401
455 242
6 332
331 50
476 455
11 73
278 34
32 53
440 112
79 346
482 8
352 58
43 45
496 48
430 159
272 410
273 56
427 117
378 226
15 337
382 476
304 126
36 66
183 39
157 282
227 78
305 339
146 294
90 324
24 155
490 456
3 487
496 434
44 274
374 14
347 243
165 448
49 340
2 418
40 69
404 346
423 442
129 436
68 83
1 5
233 445
396 361
225 129
47 107
351 23
373 440
224 29
227 412
429 464
49 30
360 448
271 370
367 461
446 56
475 107
46 9
494 438
480 248
113 196
267 303
257 171
489 458
380 439
211 336
439 164
41 61
351 144
159 30
484 7
340 348
219 192
49 182
127 147
379 137
377 358
259 369
139 161
240 237
432 250
159 54
290 90
90 384
241 72
468 389
299 186
360 227
431 95
124 272
296 227
403 190
278 440
60 465
409 223
371 398
73 320
394 151
310 92
490 156
330 299
371 101
121 9
96 32
207 163
457 359
348 129
418 129
384 136
117 368
178 402
476 428
55 72
443 247
414 277
162 56
202 434
97 364
95 288
189 106
353 404
491 432
385 189
393 309
439 399
10 120
248 345
9 160
457 135
195 411
36 17
195 346
357 170
331 275
452 367
479 382
460 125
482 237
284 282
444 483
103 151
126 314
382 48
161 445
365 42
328 126
387 359
250 313
444 103
382 485
344 113
306 245
444 486
429 270
254 181
183 413
89 253
270 76
437 230
464 373
441 308
482 337
124 105
395 392
387 54
232 64
98 275
23 207
75 474
242 144
440 34
413 370
444 198
153 194
378 15
170 304
87 166
163 14
115 212
286 145
500 174
289 193
396 455
297 268
64 498
226 250
90 209
334 494
145 446
264 304
53 322
24 443
258 109
256 344
441 68
83 299
246 190
404 19
54 364
5 58
296 351
494 318
347 179
276 109
224 58
156 350
97 413
53 36
305 424
359 281
395 85
371 197
435 330
106 245
57 215
73 45
148 385
252 89
485 405
470 235
273 51
75 119
4 456
71 342
289 139
496 271
266 60
276 66
46 411
261 319
335 243
467 22
211 287
9 471
401 325
420 263
258 418
212 291
485 145
327 360
216 288
51 151
184 378
44 442
484 326
481 269
34 130
347 121
53 317
75 152
185 119
459 259
21 473
397 92
342 423
157 476
376 193
442 361
319 489
454 404
142 4
61 142
356 300
322 32
466 305
196 94
478 88
422 212
33 282
426 171
182 117
189 410
126 252
483 283
87 461
346 373
20 470
30 474
187 68
271 378
478 111
148 170
17 162
414 435
285 128
52 317
68 265
208 461
472 272
209 445
472 310
485 42
54 142
449 149
365 280
237 434
127 196
29 72
246 119
201 483
105 95
306 14
311 307
170 36
310 343
119 380
471 459
498 186
79 372
322 379
222 131
440 433
83 55
104 122
198 458
265 363
446 406
1 341
315 149
478 285
483 428
225 397
249 350
90 404
271 458
377 206
258 357
397 494
68 215
341 313
228 496
196 160
147 265
240 327
154 183
3 120
354 254
161 113
456 159
282 215
192 351
338 318
198 327
397 367
274 368
244 365
92 450
139 405
463 405
58 319
294 210
435 317
197 146
388 47
82 146
376 297
434 306
260 280
278 78
99 124
330 178
385 435
376 315
432 292
468 385
485 70
298 178
10 100
188 190
129 317
472 216
440 84
78 268
28 7
408 33
132 402
224 59
407 200
113 20
455 417
190 476
142 68
14 132
458 182
352 281
333 203
373 340
495 128
365 361
171 425
269 33
86 294
53 255
185 114
51 327
332 490
100 17
472 54
146 260
422 310
340 347
2 257
449 434
65 448
63 367
363 85
225 366
85 104
133 333
22 143
363 136
256 369
346 431
78 95
304 31
119 253
319 53
208 223
454 23
339 170
363 297
287 418
97 338
243 6
14 298
193 372
314 460
307 128
486 233
500 330
368 385
345 160
93 83
113 309
176 408
344 463
9 450
418 68
325 388
29 410
91 153
459 205
129 357
174 3
354 319
225 67
196 346
302 38
165 6
452 415
498 422
91 143
481 353
178 18
208 44
316 336
432 133
25 430
317 161
195 387
165 157
90 244
6 89
453 102
180 359
246 103
212 58
379 433
207 353
150 78
98 93
221 445
48 77
116 53
242 431
54 381
303 199
169 182
151 124
312 16
391 102
99 343
459 219
42 371
9 306
491 113
388 282
118 179
300 358
68 151
296 101
200 472
59 115
132 232
32 464
489 38
292 339
79 39
397 378
380 43
261 209
496 310
445 493
463 299
317 216
489 424
308 33
128 429
466 494
234 320
324 132
87 442
288 74
471 416
237 258
349 22
113 473
270 250
403 139
302 440
216 301
453 100
493 352
445 36
299 423
177 288
128 104
460 2
320 335
440 460
443 438
190 245
289 162
11 435
307 368
40 185
291 460
441 200
431 209
84 420
389 259
409 20
238 302
345 399
375 31
134 159
402 341
38 231
81 366
124 235
401 100
160 500
379 50
75 459
215 118
272 250
52 211
485 472
177 130
440 162
383 182
230 258
104 55
203 374
114 146
384 483
427 326
417 366
251 334
27 37
354 167
301 170
18 439
396 58
140 444
308 144
10 76
445 149
416 186
419 82
15 401
46 315
39 405
294 308
29 295
351 66
435 27
320 240
209 12
44 3
387 344
280 67
272 43
104 327
169 7
72 87
307 477
178 173
473 28
28 422
279 402
452 274
106 144
402 261
412 390
295 41
220 394
354 272
352 294
472 133
271 149
464 379
338 212
205 221
468 286
217 206
56 170
364 424
350 338
206 336
406 94
460 361
285 256
428 191
335 179
297 283
345 49
389 323
327 59
419 121
332 151
212 161
482 162
225 297
59 335
37 59
229 145
164 243
406 473
23 175
292 316
386 235
194 211
53 429
429 211
229 54
416 350
29 302
220 121
374 182
173 284
221 31
100 327
51 156
67 343
115 208
413 484
114 437
141 466
448 137
484 153
107 290
466 182
279 7
395 267
165 449
295 390
427 312
448 386
224 104
447 392
125 363
264 179
143 443
292 352
96 6
403 347
123 460
100 373
358 95
484 138
246 27
444 249
272 407
171 161
4 212
148 10
183 376
8 230
314 370
423 75
395 278
252 435
217 380
66 452
151 345
315 459
178 415
171 280
87 175
218 436
49 218
498 395
120 87
324 212
26 36
474 323
87 168
178 350
58 83
477 445
225 18
422 239
471 435
476 430
461 171
311 284
100 490
311 273
90 412
386 260
282 139
317 359
237 282
271 304
9 364
436 259
199 384
86 295
264 83
64 424
406 240
419 461
313 474
284 79
251 265
463 147
35 135
249 299
147 30
278 87
330 98
270 128
493 181
249 457
466 175
271 76
366 341
404 399
161 268
243 9
257 103
80 413
74 293
327 213
464 95
342 167
103 473
385 360
268 275
379 71
390 329
159 27
368 474
136 444
440 125
77 328
346 236
44 37
64 461
240 190
160 150
466 76
146 467
352 236
295 454
387 4
176 368
291 284
338 325
478 400
375 2
77 105
63 2
449 463
378 436
13 420
208 239
194 187
313 492
151 180
483 382
88 3
191 407
397 29
254 76
311 360
408 239
393 240
228 342
358 414
134 495
479 268
77 128
299 412
277 24
260 417
191 277
88 438
195 238
423 433
167 356
478 342
103 233
98 22
266 32
457 59
243 427
227 459
467 206
369 314
27 480
149 227
498 127
81 391
395 401
438 157
115 403
99 43
329 431
209 321
370 195
343 424
293 226
256 50
219 172
151 368
334 329
242 56
442 427
372 225
334 453
231 244
261 121
370 60
30 5
128 397
190 126
270 461
106 295
241 275
458 123
302 251
408 433
122 222
325 240
173 182
341 428
49 260
441 280
71 270
292 203
129 455
403 400
279 352
178 422
240 334
348 441
488 395
359 310
258 318
110 146
315 468
208 186
103 272
323 337
497 465
333 435
65 71
395 211
417 176
180 442
16 413
284 192
27 303
406 403
200 455
363 14
370 27
6 249
244 205
266 162
437 253
452 40
231 421
247 29
75 483
104 153
115 36
407 115
56 274
485 489
499 231
175 296
163 475
87 228
190 331
350 255
86 195
487 250
208 190
130 238
207 5
319 365
374 386
262 396
163 156
174 404
291 119
137 326
489 214
207 167
441 255
459 108
259 350
137 36
423 91
490 327
333 349
276 470
452 167
131 320
65 48
196 195
282 122
77 475
496 416
75 321
406 419
14 41
394 107
326 139
37 210
103 228
476 2
182 308
491 124
44 63
11 261
484 233
170 456
402 312
117 347
392 123
97 241
250 452
489 305
406 215
453 147
488 128
135 77
327 457
341 452
265 43
241 342
236 206
209 490
107 467
253 222
170 208
264 4
188 134
499 331
5 283
54 403
427 311
24 354
432 166
321 29
262 58
476 167
244 70
335 7
89 396
369 175
283 346
122 320
462 204
109 225
135 422
200 1
251 109
113 181
317 250
110 251
445 192
308 61
490 109
186 143
428 144
235 288
386 179
25 474
1 397
173 153
218 51
85 425
229 294
299 87
262 492
276 189
389 400
195 289
243 134
200 460
465 245
259 427
242 51
289 3
187 220
338 90
499 395
498 383
289 26
156 471
261 135
277 38
184 494
95 354
352 283
10 57
86 5
204 403
141 241
460 73
405 31
110 61
311 82
205 417
414 252
280 141
492 401
353 350
387 455
76 294
477 61
314 279
310 9
435 64
480 494
233 314
451 229
33 487
406 176
274 88
296 373
350 46
250 490
465 54
409 441
240 72
119 359
382 464
190 42
325 485
332 489
79 167
288 371
79 45
369 192
451 238
185 267
76 140
466 386
100 37
263 127
435 36
232 98
56 240
133 39
432 332
135 5
114 175
247 398
221 241
297 372
414 188
352 499
132 197
422 438
447 141
265 224
347 178
21 236
271 112
454 232
26 317
479 424
278 428
387 328
331 325
284 361
34 426
326 398
266 193
400 165
470 170
291 47
326 401
362 81
442 13
68 394
266 101
267 48
253 49
136 497
21 245
86 171
379 455
389 1
182 126
292 211
1 58
287 51
138 466
202 156
421 388
380 415
485 228
82 193
434 12
427 328
216 236
118 195
65 29
153 80
154 388
441 320
451 79
364 70
25 419
199 341
237 413
59 206
324 481
303 160
253 22
475 460
349 337
465 203
233 24
143 280
247 193
436 104
348 313
113 283
469 474
373 377
450 110
334 47
460 152
391 234
416 385
172 372
166 80
453 379
120 51
5 44
47 371
410 494
7 37
483 132
423 466
221 376
292 27
333 254
466 44
303 72
324 60
461 331
353 284
198 98
143 124
104 281
16 309
460 500
292 490
318 365
123 332
394 381
298 209
138 199
229 41
468 99
131 145
363 1
463 69
287 240
136 8
94 56
35 103
176 100
412 284
291 223
495 35
16 216
50 297
210 334
232 328
345 157
352 251
46 198
399 341
491 495
21 314
400 418
485 410
333 266
395 44
53 468
138 243
151 402
146 300
103 114
280 172
194 374
168 114
69 284
336 173
204 37
167 224
238 313
36 384
215 327
1 64
81 474
44 389
176 200
157 268
165 445
484 312
471 257
45 170
273 98
378 468
184 450
424 126
36 486
280 445
381 47
49 39
183 350
355 481
316 185
245 213
233 32
98 312
473 90
437 314
83 310
109 252
73 417
37 104
274 367
339 368
339 127
105 10
203 71
453 415
144 250
395 433
137 472
56 363
289 394
8 224
297 133
237 56
117 381
143 180
191 497
441 128
474 471
1 34
132 115
382 113
97 177
96 58
113 112
225 215
280 414
63 455
454 315
196 417
147 419
261 245
315 251
238 254
199 203
359 83
30 28
461 188
250 237
459 293
229 150
102 473
81 224
84 103
127 244
192 340
437 121
393 152
219 273
419 386
191 129
407 9
130 449
483 213
363 439
48 463
211 379
336 124
145 336
321 351
301 75
306 446
309 427
80 262
118 165
224 482
43 305
10 382
179 38
70 242
414 462
267 92
419 387
172 59
63 160
468 60
345 302
286 143
472 109
158 4
384 368
314 140
331 366
445 230
350 204
140 327
91 221
494 25
40 469
336 192
327 258
469 397
425 302
58 371
29 229
483 265
390 417
144 379
116 296
130 363
84 61
395 293
140 199
217 34
187 305
248 359
428 105
452 60
161 385
400 451
195 425
8 141
215 450
78 402
120 211
296 151
67 448
203 317
93 318
414 117
411 29
27 225
455 345
250 282
172 349
11 374
263 275
456 134
37 428
431 168
491 36
154 165
485 326
146 164
372 105
139 346
110 351
334 288
226 264
127 356
50 195
153 145
311 288
34 70
369 105
220 32
46 458
479 405
53 447
115 121
384 457
477 201
273 460
66 472
158 454
106 23
136 284
137 344
157 181
129 57
169 36
483 245
14 53
39 87
180 261
250 76
309 200
44 357
449 198
451 67
431 493
210 188
82 348
192 34
229 287
432 264
305 199
5 300
134 78
379 15
262 336
56 124
434 27
154 482
286 251
201 444
388 334
311 154
219 355
10 255
497 228
291 6
424 295
14 338
167 236
407 162
173 453
181 242
54 243
441 28
216 63
82 258
110 481
264 417
153 130
98 400
142 112
121 254
229 348
104 272
146 428
319 25
298 57
42 88
263 470
55 449
140 61
62 17
338 69
337 188
380 287
330 457
115 337
275 154
303 369
348 74
66 243
200 144
182 368
280 203
168 348
75 272
443 380
32 324
492 11
315 373
122 323
188 296
77 232
53 434
405 289
109 301
202 3
117 61
85 292
172 401
110 70
104 201
338 272
143 371
159 157
222 302
373 332
78 363
11 497
249 91
445 387
311 131
500 432
233 385
21 418
168 80
339 465
380 255
218 191
301 73
66 316
44 475
471 354
432 31
327 94
256 262
149 152
376 273
375 186
80 34
420 29
400 492
435 409
196 418
158 339
352 346
327 13
17 166
238 289
473 448
324 223
3 73
91 292
318 184
483 164
286 495
40 12
154 305
26 179
197 476
1 63
1 299
489 188
267 131
235 195
100 2
54 114
457 479
445 290
12 6
443 393
234 193
405 192
247 394
152 296
6 292
106 20
421 168
379 172
375 323
309 58
48 12
319 453
465 397
490 271
307 413
247 342
282 455
266 146
140 450
50 203
335 201
24 492
354 337
295 285
238 25
475 232
377 295
30 233
140 157
387 218
82 256
144 231
70 353
72 339
479 75
388 320
443 213
198 49
181 135
411 292
159 20
151 404
265 404
370 48
74 95
51 364
73 455
216 215
245 224
197 260
379 16
111 100
485 200
392 394
117 252
388 330
375 157
446 384
204 311
263 104
46 173
267 429
336 309
271 73
2 149
63 270
265 78
493 62
118 25
449 155
229 215
175 352
229 15
416 140
147 177
98 340
45 258
252 480
126 122
481 300
417 223
488 370
142 410
224 319
17 165
387 341
413 62
235 193
305 390
445 231
249 470
337 312
180 235
9 395
464 190
145 124
20 220
374 123
125 132
204 167
165 89
32 471
182 193
13 424
359 133
101 379
161 233
408 356
428 409
193 40
71 102
304 3
170 361
170 150
311 327
385 362
272 265
418 156
203 270
261 127
301 157
67 132
494 236
138 437
132 362
270 307
328 174
176 381
146 319
487 344
41 65
171 476
146 287
227 192
94 302
396 19
46 403
117 204
100 207
451 33
321 192
218 410
218 143
493 345
266 78
393 387
143 326
457 463
364 498
144 153
397 437
256 368
65 85
160 121
335 311
204 432
43 16
158 218
217 405
33 307
121 362
189 167
75 240
328 288
331 236
478 444
1 15
315 49
198 181
408 216
221 83
290 500
21 75
6 279
147 353
422 404
254 67
142 206
299 133
285 375
187 33
431 293
264 104
300 392
97 378
395 261
447 404
372 211
235 463
334 490
421 164
450 57
424 329
237 331
279 59
213 104
122 170
69 339
362 144
291 347
90 357
313 13
272 457
155 98
92 55
459 409
209 137
210 428
440 9
350 458
306 289
389 491
230 43
36 149
387 350
57 171
449 411
481 499
409 401
383 322
364 274
8 166
15 311
420 443
478 498
170 131
390 258
434 309
95 122
57 250
418 485
215 474
337 224
306 445
20 3
392 491
126 306
414 418
380 29
77 367
154 321
185 465
49 144
334 62
414 63
265 311
243 283
428 380
100 403
396 412
137 116
460 280
72 378
303 198
24 320
198 454
265 301
393 118
119 127
374 261
10 407
144 38
440 50
91 322
315 432
433 164
241 426
491 1
493 391
214 490
217 233
495 400
107 179
315 167
120 326
476 1
19 298
152 383
1 94
15 165
296 64
105 184
392 328
275 333
9 242
285 483
274 319
366 106
146 137
387 316
133 491
379 91
182 415
212 169
393 10
7 27
251 344
279 278
111 107
248 298
481 42
451 104
354 324
278 91
15 393
389 340
388 142
13 7
356 445
312 446
435 213
178 311
231 91
13 499
345 344
442 88
76 156
482 489
367 332
348 89
41 364
391 43
379 23
214 11
132 50
362 249
298 319
437 66
402 40
394 323
375 307
29 331
194 429
202 120
194 113
170 487
431 131
6 442
39 72
126 382
219 267
261 13
297 105
444 133
54 264
397 139
353 150
345 172
296 489
381 446
436 461
55 350
494 296
400 375
8 300
29 257
108 484
424 125
330 352
185 448
292 273
378 460
365 354
139 309
380 452
367 317
108 61
305 410
206 112
482 140
103 344
5 278
232 403
288 331
441 127
245 15
314 191
98 318
349 234
36 464
304 388
375 393
13 159
368 359
329 167
5 366
10 159
404 264
450 238
191 61
448 25
195 486
378 480
290 271
413 99
295 189
201 72
104 374
500 4
214 269
187 448
104 441
232 330
351 208
150 76
11 229
70 327
308 340
206 182
92 188
265 486
404 158
159 214
457 239
494 26
55 342
152 179
370 218
313 200
202 310
117 287
482 66
114 82
408 14
267 236
446 457
146 86
115 104
399 466
401 349
103 130
467 139
388 484
369 207
388 223
426 215
219 161
95 51
344 233
252 327
12 121
482 51
208 55
145 176
287 482
149 13
88 354
248 110
209 230
2 116
117 27
329 435
382 158
139 393
313 461
133 486
119 308
136 327
340 82
44 302
42 401
253 396
486 22
216 197
298 333
267 431
405 242
384 7
172 45
432 226
8 183
238 357
305 330
47 304
300 207
141 21
90 129
440 4
15 62
267 45
59 140
443 275
269 408
229 275
200 414
379 462
46 436
91 13
339 31
190 382
317 192
236 214
406 282
300 454
491 132
194 327
279 230
60 382
273 266
290 215
416 380
124 448
346 301
123 199
415 341
4 370
223 6
399 410
65 398
363 494
182 480
441 57
428 44
129 211
456 103
74 423
279 423
482 449
398 153
299 383
219 190
252 410
389 100
294 131
365 464
2 441
291 403
263 61
78 451
120 322
387 168
19 242
47 46
52 160
169 75
280 181
164 19
307 97
171 212
436 404
159 247
482 223
431 438
322 166
430 240
60 430
65 442
443 374
213 155
176 223
22 34
185 222
179 485
422 70
422 329
192 490
280 77
235 158
435 43
110 154
100 190
147 16
259 430
430 210
320 162
300 123
7 359
499 387
72 357
448 426
440 425
225 378
295 172
71 417
317 355
109 389
121 440
477 22
282 150
150 244
484 346
299 288
344 139
463 318
171 390
318 464
85 165
298 191
215 479
396 270
482 95
374 328
236 288
390 462
23 450
167 245
32 148
114 42
209 444
419 490
232 150
183 375
485 206
478 51
7 49
399 187
373 89
385 2
413 300
490 72
128 499
499 86
458 169
308 236
46 453
23 82
487 298
12 312
92 294
421 400
412 120
436 153
207 335
113 179
148 411
469 470
122 215
372 316
400 454
148 300
193 32
25 77
10 72
466 135
444 24
261 211
313 199
91 480
413 193
87 91
30 460
158 61
411 147
131 172
176 413
122 387
163 219
192 25
389 283
365 60
429 37
227 186
258 216
262 191
155 102
77 386
321 155
432 313
118 7
353 486
204 44
183 340
59 405
286 243
126 352
216 125
123 20
80 127
19 189
53 360
430 87
75 3
354 349
139 291
319 459
406 179
308 416
396 409
379 49
381 329
496 329
292 310
339 74
479 143
406 199
299 92
303 140
296 280
470 107
318 234
237 397
237 309
91 11
56 260
331 167
187 263
424 245
492 186
241 121
47 489
168 328
192 279
258 2
314 305
253 311
185 382
95 445
489 460
395 301
308 193
110 168
491 31
335 168
210 32
348 280
199 320
118 265
17 70
83 84
202 186
68 147
493 421
372 273
219 119
470 112
255 469
475 420
138 296
214 200
340 495
232 187
31 338
29 476
143 37
185 164
361 343
406 58
472 217
66 68
392 153
237 483
446 454
205 429
410 229
385 35
388 307
111 267
369 54
278 266
177 36
203 278
340 436
490 347
176 261
323 134
260 74
359 11
310 361
101 261
223 440
310 401
157 383
292 308
429 417
322 150
163 60
313 190
74 96
80 329
106 329
248 394
256 24
267 273
439 54
104 218
91 56
470 367
153 489
58 181
430 271
485 273
88 182
16 117
344 373
274 374
355 389
333 420
329 330
116 426
448 29
310 413
291 61
77 247
410 195
372 154
85 403
309 43
254 1
11 335
275 418
72 288
145 95
326 454
158 316
171 18
295 442
22 483
94 444
337 256
337 177
279 398
9 434
31 456
255 309
289 119
293 4
206 369
117 1
319 144
52 83
159 300
226 330
391 284
306 384
259 386
155 220
324 14
114 202
135 219
166 199
35 161
182 89
27 42
119 493
104 189
366 36
129 388
76 8
365 68
278 494
246 64
213 383
48 56
98 233
22 114
330 379
131 329
431 120
379 374
348 46
17 190
6 413
367 199
251 324
125 181
252 477
370 14
277 457
64 492
82 434
107 58
359 232
278 96
242 157
484 430
169 29
260 136
31 347
143 131
413 105
425 2
481 165
333 391
336 387
163 356
331 225
283 380
184 35
455 146
306 51
133 464
238 299
68 108
159 394
488 127
213 61
478 312
28 494
293 289
220 456
466 52
79 138
299 150
246 287
176 497
230 280
215 44
112 463
409 134
317 447
244 112
298 446
171 344
441 191
216 467
375 53
434 380
452 427
48 309
170 192
372 261
29 353
397 18
359 398
211 123
52 487
345 331
358 41
457 210
408 395
113 330
193 104
139 404
236 338
48 84
35 171
147 376
41 133
275 243
335 221
288 477
79 310
91 71
155 260
297 410
365 134
353 8
476 148
496 51
370 407
163 319
156 200
128 438
48 141
39 483
216 339
237 321
187 314
488 222
365 235
185 419
368 242
157 429
207 97
306 75
149 229
239 495
122 140
369 170
71 480
419 188
258 52
50 468
375 238
69 444
500 470
259 58
360 463
415 393
301 289
173 3
209 406
23 115
207 107
240 289
8 118
79 334
346 107
15 492
86 207
24 299
167 185
5 403
447 95
263 368
406 133
332 171
29 465
271 20
362 271
343 248
234 38
234 336
196 170
206 425
408 23
323 107
476 381
21 220
496 304
203 95
107 302
233 464
383 320
255 224
336 218
345 21
286 480
143 430
378 339
234 186
250 78
12 320
292 161
302 500
246 166
81 303
83 324
9 302
291 388
465 380
430 59
46 158
206 442
94 275
269 60
8 291
463 120
120 187
406 344
442 313
30 42
218 318
247 314
175 425
346 51
389 335
231 303
60 29
357 397
314 445
161 413
169 141
407 139
310 71
166 190
465 222
220 280
58 210
129 482
60 13
131 346
493 489
8 499
163 181
500 469
455 76
307 466
276 293
59 396
58 208
471 463
145 19
498 77
371 294
448 153
101 436
348 225
60 283
456 26
33 401
365 293
379 402
65 259
357 279
463 410
468 182
450 40
34 117
218 277
472 436
272 13
86 492
112 208
376 106
376 215
375 325
9 414
47 308
225 262
237 154
399 26
259 296
437 15
395 388
82 191
64 376
372 108
134 336
110 408
78 390
213 68
259 271
95 204
183 374
478 146
423 194
356 132
326 297
408 329
133 316
240 404
346 95
58 180
241 50
350 364
53 144
157 49
397 206
352 287
48 492
376 282
393 93
468 4
434 8
326 288
155 58
403 415
346 157
199 312
24 487
441 15
90 5
47 75
404 295
22 375
361 353
324 423
167 304
67 386
73 133
240 408
417 370
324 426
10 110
159 241
410 458
322 297
352 457
24 221
169 367
434 361
127 20
61 382
197 194
75 44
228 402
256 312
57 408
366 85
360 231
285 30
369 6
486 49
152 96
154 118
437 278
300 457
121 116
300 398
139 159
117 142
212 498
231 66
405 225
498 458
311 274
400 176
197 254
331 483
30 329
208 291
185 95
203 394
166 288
435 180
304 128
220 319
95 366
171 396
478 187
156 186
88 10
328 15
54 131
496 385
197 251
148 152
494 50
487 330
320 270
471 81
114 128
9 203
184 97
452 124
487 109
39 76
106 2
212 310
399 348
359 50
179 395
210 495
135 103
197 49
203 287
495 154
129 264
183 470
241 19
171 218
450 458
253 173
137 336
384 128
493 306
17 216
368 427
290 287
396 495
69 97
19 491
24 276
438 357
4 451
72 32
110 265
463 496
182 450
235 319
493 478
408 258
289 114
45 212
216 60
18 263
490 403
92 390
318 16
254 70
170 18
371 117
102 204
105 456
434 468
298 251
340 357
259 364
77 187
12 227
392 101
124 282
491 68
337 381
159 371
115 51
93 206
177 101
421 222
418 10
134 444
195 212
51 193
163 393
109 462
351 342
236 175
209 409
178 40
53 233
319 126
397 102
379 447
255 300
356 267
267 227
364 490
323 258
443 28
80 146
361 283
185 320
299 387
451 214
132 478
7 274
97 409
133 169
387 398
45 104
436 48
279 490
269 263
467 104
23 214
203 451
199 35
256 151
408 168
350 38
335 91
316 104
61 388
475 322
25 381
79 131
136 487
319 320
270 315
410 6
54 5
293 177
411 243
244 284
104 384
218 476
146 347
314 211
369 172
82 279
329 90
192 470
234 354
253 309
237 268
245 163
212 60
275 230
136 51
56 400
366 425
313 255
418 404
403 475
150 42
225 241
119 395
280 192
331 223
98 167
61 497
357 195
104 247
35 285
377 477
195 204
271 190
226 315
225 456
216 481
195 317
243 77
169 265
308 317
321 59
118 319
77 173
476 73
401 37
9 368
173 338
62 25
42 205
34 72
166 280
248 119
499 169
456 80
241 397
50 423
121 36
224 173
48 286
29 190
366 442
370 366
24 118
322 173
336 130
29 357
488 394
403 203
126 38
404 341
480 210
281 191
470 317
372 347
35 7
193 149
484 294
280 367
324 62
339 278
207 364
244 184
198 459
311 330
361 242
448 15
118 270
152 104
419 397
109 188
84 379
279 380
136 300
61 274
238 12
313 130
37 331
464 226
134 223
433 493
361 234
299 241
363 416
425 82
400 266
489 419
163 242
298 261
81 22
116 193
355 436
118 48
460 149
318 124
338 254
123 124
5 411
466 295
303 146
447 453
168 342
20 453
367 302
235 312
114 358
376 419
410 123
343 308
358 63
100 250
143 84
346 71
141 131
412 210
489 442
187 304
43 306
238 201
242 115
161 142
69 2
432 399
20 1
333 296
500 473
368 292
386 129
287 427
147 29
16 442
333 142
467 89
433 401
203 119
465 301
14 142
201 436
358 276
164 489
191 104
4 411
405 147
81 452
320 345
202 297
405 248
406 353
19 290
451 359
157 169
444 257
301 47
139 79
414 5
384 254
363 389
405 78
421 408
368 486
28 333
114 489
130 420
200 8
197 466
53 265
175 103
120 217
38 353
283 242
409 353
351 279
342 96
223 7
373 1
453 149
438 51
210 204
425 277
145 225
264 328
140 228
439 181
96 212
154 278
399 343
160 426
434 200
331 193
358 87
465 493
118 261
129 208
378 112
210 57
482 165
232 67
179 75
362 12
10 98
251 149
222 284
374 287
371 347
489 295
33 51
100 471
244 117
409 211
352 387
157 135
490 42
359 276
490 273
54 397
286 427
82 296
168 316
377 193
127 373
96 351
52 404
85 97
455 283
29 150
268 73
307 84
398 219
159 397
41 241
393 301
15 453
465 5
290 43
308 198
116 351
51 330
380 38
205 320
33 350
245 342
404 426
3 464
272 438
145 183
235 480
181 310
296 25
73 486
138 350
418 85
211 264
376 20
186 500
474 20
421 300
164 386
124 134
211 204
412 449
212 67
494 313
208 266
151 176
489 289
236 89
402 467
231 56
146 312
210 319
17 472
211 357
179 491
495 238
57 81
205 333
342 465
78 47
192 499
227 421
437 265
345 272
339 68
96 415
108 128
449 2
492 167
74 452
270 239
485 224
214 36
105 366
192 240
237 36
441 144
367 368
135 57
415 260
376 387
324 99
299 164
190 112
302 195
426 42
104 185
38 20
50 56
438 285
247 108
405 93
464 24
177 100
304 410
333 366
348 19
451 274
193 29
404 291
459 233
27 194
32 129
413 415
481 252
46 477
97 100
238 463
164 111
68 378
161 303
21 253
1 294
466 105
52 7
115 5
295 103
442 398
475 131
394 122
79 189
206 353
303 145
398 383
312 86
145 291
250 266
82 220
6 349
274 135
154 395
213 133
436 149
287 279
218 173
38 237
179 82
393 23
228 28
473 181
147 50
308 322
357 352
484 475
124 464
293 28
323 453
396 426
338 172
189 64
314 434
148 423
283 309
103 157
145 161
206 303
171 215
228 231
72 457
323 234
157 5
317 255
136 473
