1000 1000
510 100
-2 -1 -7 5 8 9 5 -7 -10 2 8 -2 3 0 8 6 6 -10 -5 -6 -4 2 -5 -1 0 -2 9 -9 -4 5 -5 -2 5 6 8 4 -4 -7 1 9 9 2 0 -1 -6 9 -8 -7 -10 4 4 3 9 -9 -7 -8 9 6 -5 2 -2 -3 -5 4 4 -1 -3 3 -10 1 5 8 -2 1 0 -3 -6 7 5 2 -9 6 -6 -7 5 0 4 6 -4 -9 2 -6 -8 -7 6 -7 -3 -4 7 -9 -7 2 9 -9 -4 -10 -1 5 0 -3 8 7 -4 8 6 9 0 -9 -3 -2 2 2 7 7 -9 -6 -5 4 -10 9 5 8 5 -8 8 -1 5 8 5 -8 3 -5 -2 -4 -4 -4 -7 4 2 7 -7 8 2 2 4 -2 1 1 2 6 4 -10 -5 -5 -3 -1 -4 3 4 8 8 0 -4 1 2 5 -6 -3 -7 -10 8 -8 1 -7 -10 8 -2 5 -7 4 0 -8 4 5 0 -3 6 8 1 3 -3 9 8 1 -10 -3 -2 -1 -2 -3 5 2 -9 -1 -4 -10 -5 -5 6 1 -3 1 -3 -10 -7 2 -9 1 -1 4 -3 -7 1 4 -7 5 -10 -2 2 -7 3 3 0 -4 -8 9 -3 -2 -9 4 2 -1 -6 8 -7 4 -6 -5 1 -10 4 8 9 -5 -10 -10 -7 -7 2 -9 -4 -9 0 3 -8 0 3 -2 -5 8 -5 -2 -1 3 5 9 1 8 -2 3 -8 -9 -8 5 9 3 0 -8 -9 -9 -4 6 -4 7 4 -10 -1 -10 -8 -8 2 -6 -5 1 5 -6 -8 -4 9 -10 -1 -8 1 -2 5 8 6 1 -8 6 7 7 9 6 -4 -6 7 0 7 -7 -9 -2 1 7 -3 4 6 6 2 2 -8 4 -3 4 -2 -7 5 7 -4 2 -9 4 7 -1 -4 -9 -1 -6 -10 -8 1 3 4 8 6 -6 -1 -3 1 -6 3 0 8 1 -3 2 -9 7 6 9 0 -7 -5 -9 -2 -1 3 5 0 -1 -7 4 -4 -8 7 -9 2 1 -6 3 -3 1 -8 1 -2 -8 -8 5 -4 -4 -3 0 6 -5 -9 -3 -10 9 2 -8 9 2 6 2 -1 2 5 3 -1 9 0 -5 -5 -5 -4 9 5 8 2 3 -9 -8 9 2 -8 -4 -2 -9 -7 -3 -3 -8 -7 4 -9 7 0 -7 -5 -5 4 -5 1 2 -1 -9 4 -8 7 -10 -3 -10 3 -10 -4 -2 -1 -6 0 -5 -1 5 9 9 4 8 2 0 -4 9 -1 -3 -7 -6 1 -10 -2 0 -9 8 -6 1 1 5 5 9 0 -2 3 -10 -3 -3 -8 8 5 -10 8 -3 4 9 -5 3 3 0 5 5 3 -3 -1 9 3 -4 8 -1 2 -9 -7 5 5 2 -6 7 -6 5 -10 3 -3 -7 -4 -3 9 -2 1 -10 3 -9 -2 4 -6 -7 5 5 -8 7 -1 -1 1 0 -6 -9 -1 -2 -3 0 1 4 -9 2 5 7 7 8 -1 -1 4 -9 4 -4 4 0 8 -6 1 5 1 -5 -2 -3 2 -7 -7 0 -8 6 -9 -5 -5 -1 -1 -1 -10 8 -10 -10 -9 9 -7 8 9 -9 -2 8 7 0 7 1 0 -2 -1 -9 5 -8 -10 -6 -8 -8 8 -2 -10 -8 7 -4 -8 -1 6 -2 -10 -8 6 4 -5 9 -10 0 5 4 -9 -9 6 4 -8 -10 -2 -9 -8 -9 -4 2 4 8 -4 -8 -8 -7 0 -9 -3 3 2 6 -6 -9 -1 -5 2 2 -6 -10 -2 3 -6 7 -6 -6 -10 1 1 3 -1 8 -5 -9 7 2 -7 1 -5 -4 -7 -7 7 1 0 9 2 -4 2 2 3 7 1 4 -2 4 5 -2 6 -7 -1 -3 4 1 -4 -6 1 6 -4 7 3 4 0 4 2 7 5 -1 -8 0 -4 4 -2 8 2 -1 -2 5 0 -9 -10 -8 -6 -9 -6 -8 9 -7 6 -9 7 6 3 -4 7 -3 -3 6 -1 -4 -2 1 -2 2 8 1 9 -2 3 -6 -9 5 4 6 2 5 -8 5 -4 -9 5 9 6 9 5 -8 -4 3 -7 3 -4 -10 -7 8 8 -1 1 8 -4 -1 8 -9 2 -8 -9 -10 1 -7 -10 -6 2 9 7 3 9 -8 -4 1 -10 -1 6 -3 -9 -9 7 4 -6 4 7 -9 -3 8 6 -5 3 -2 -7 4 2 -5 7 -5 4 -1 -3 -2 8 -1 3 -2 -1 -8 -1 -4 6 -6 0 6 -3 -5 0 4 7 -4 4 8 -6 -3 5 0 -5 1 -5 5 5 -10 9 0 -6 3 5 -5 3 -7 6 6 -3 -2 2 8 -10 2 -5 -3 4 5 -9 -1 1 -10 -2 -7 3 8 -8 1 5 5 -3 4 3 9 -1 -2 8 5 5 1 -6 8 -7 -9 -1 7 -7 -10 -4 6 -7 -8 -4 0 0 5 -8 -7 7 -4 -8 -3 -1 5 -3 -9 4 -3 -6 7 1 -2 5 6 -8 -6 2 1 4 5 -1 -2 -4 5 5 -10 8 1 -5 4 -1 -6 -8 5
580 889
292 225
714 104
819 360
612 178
26 945
967 5
482 640
490 396
84 838
414 751
338 419
825 918
582 525
800 460
193 921
668 342
267 569
767 577
704 312
571 11
784 820
794 369
397 583
410 792
955 712
558 531
973 516
451 233
286 24
809 453
519 837
338 207
963 380
196 713
666 855
53 808
548 289
136 139
592 444
752 786
207 267
774 610
909 631
513 809
504 690
314 565
494 979
25 936
22 703
388 708
77 683
32 97
566 198
932 495
228 657
393 56
669 165
324 83
485 325
924 611
769 651
594 623
761 263
444 276
529 24
916 924
434 345
862 326
46 93
297 103
779 553
352 974
14 723
680 8
920 999
748 619
892 812
916 804
369 905
589 778
423 416
52 420
501 450
808 267
953 462
244 277
516 919
545 370
861 230
450 54
217 152
634 690
351 883
360 94
821 408
323 508
796 843
772 574
193 671
416 606
558 375
427 899
499 141
672 578
882 255
341 726
33 337
76 609
142 265
710 344
274 956
650 157
715 392
207 696
261 193
751 811
777 298
536 936
463 784
723 601
629 703
50 122
839 456
451 998
537 707
641 650
535 318
95 878
799 24
996 898
901 321
507 491
748 580
225 435
834 338
891 653
196 95
610 111
729 766
288 27
472 274
929 821
468 72
781 625
98 106
17 730
643 834
819 18
54 933
174 698
628 526
588 333
835 867
669 35
874 669
873 373
283 333
63 739
971 447
49 903
177 919
411 556
336 313
761 87
460 365
123 378
248 385
681 838
613 35
491 9
189 742
10 494
45 393
20 13
431 453
380 125
31 941
581 786
987 673
591 36
602 965
767 120
10 19
352 58
121 132
140 518
19 673
352 364
55 413
176 704
964 838
397 899
177 610
248 816
758 247
215 456
124 503
653 261
803 186
225 467
692 51
932 361
434 41
731 248
315 75
396 846
752 663
481 262
970 576
378 516
800 779
342 264
703 898
478 980
515 381
764 158
414 379
750 210
691 902
318 719
693 225
300 827
4 541
244 540
404 429
405 167
136 195
402 256
321 268
377 319
330 783
161 297
403 316
548 150
79 185
590 872
774 632
184 959
272 735
862 673
481 579
781 529
371 361
357 988
433 921
805 458
535 977
164 321
110 803
510 224
263 955
555 183
100 114
322 677
729 231
74 503
565 393
344 451
35 404
963 501
282 100
516 860
158 391
415 24
95 663
870 434
30 154
849 678
160 969
998 750
67 395
216 540
876 675
37 865
82 821
622 634
736 647
244 902
917 338
664 699
782 32
200 912
264 469
759 703
814 342
608 900
665 456
160 721
734 621
299 520
225 655
484 564
94 371
594 307
355 653
399 942
641 287
578 168
488 358
144 103
66 360
20 163
536 88
337 810
295 357
754 64
733 399
641 12
304 688
935 101
359 481
423 967
983 548
402 340
740 520
219 345
242 936
183 62
221 995
66 548
748 668
651 912
62 200
3 840
413 838
987 917
192 312
600 350
331 319
43 398
470 533
533 959
163 502
849 221
679 210
741 217
568 689
711 827
883 748
720 869
241 548
214 886
153 719
522 299
597 548
310 925
963 326
726 893
824 862
370 421
643 185
80 210
905 953
281 676
295 333
195 971
384 450
664 309
417 956
835 10
25 923
685 18
683 104
953 911
910 143
824 161
834 970
125 940
482 675
738 721
887 187
365 573
950 781
670 770
184 332
660 984
522 705
518 963
294 918
340 625
126 360
175 238
323 264
553 194
841 129
300 681
550 818
995 753
427 127
106 768
14 791
893 845
319 826
43 987
719 130
329 935
99 110
345 307
132 656
658 24
720 198
241 400
511 509
463 714
952 491
502 210
556 103
132 944
462 813
581 662
745 264
536 303
299 874
580 540
854 861
45 140
635 55
385 492
848 546
652 608
230 874
265 945
499 340
52 6
522 510
791 114
246 149
962 278
98 160
135 610
663 312
1 761
666 774
513 400
354 775
809 264
713 971
293 561
459 614
657 793
755 150
361 281
608 91
539 773
969 337
689 706
210 309
371 840
678 202
777 604
577 438
173 487
905 361
625 864
725 825
301 588
520 211
852 710
364 475
249 226
872 725
849 761
77 407
222 527
767 599
935 711
875 516
735 811
316 70
677 192
829 154
167 876
769 159
196 640
596 595
185 98
280 926
913 410
600 900
576 958
125 403
256 365
314 842
54 826
441 647
309 405
85 954
951 881
386 369
275 909
975 151
686 116
741 631
323 344
861 976
577 518
75 423
398 778
124 869
785 309
838 996
2 478
473 644
706 319
63 56
285 279
489 184
595 643
886 615
749 42
975 145
983 755
190 175
518 363
502 158
366 581
220 358
381 210
127 531
610 267
77 309
521 478
983 336
711 480
853 666
453 964
572 82
886 151
986 808
109 46
221 856
498 427
14 201
419 282
642 286
894 889
442 282
53 628
548 787
536 333
442 189
124 257
818 826
213 935
449 593
370 415
578 829
213 797
997 167
827 439
820 831
618 476
280 357
167 177
724 782
288 938
412 931
141 283
595 343
828 873
77 962
815 326
148 204
809 153
312 390
132 122
656 148
120 612
120 656
368 79
760 632
421 986
241 106
781 634
492 576
72 256
972 873
746 444
643 882
860 535
405 254
286 751
441 414
897 859
955 673
239 906
367 631
920 796
909 581
499 500
473 354
634 708
428 505
397 495
640 742
636 861
679 859
451 421
472 988
101 500
801 459
683 316
846 441
129 344
996 18
367 89
792 329
929 877
650 976
728 846
45 960
801 938
197 259
328 954
18 977
758 772
12 729
584 127
552 434
566 639
474 30
981 133
16 668
793 127
550 853
35 683
834 121
709 775
878 523
261 461
429 71
571 197
994 693
403 314
432 141
936 939
982 730
637 356
925 890
591 34
186 675
379 336
708 304
650 249
358 462
924 350
25 73
654 205
992 761
528 975
100 584
987 748
402 548
259 943
48 752
386 206
587 244
689 321
380 709
211 911
529 479
208 137
64 103
476 902
899 920
45 175
515 56
712 923
527 80
764 352
609 229
550 790
241 729
520 253
743 359
424 491
398 332
470 749
26 913
748 312
212 858
668 625
375 149
636 152
629 888
128 671
413 235
452 191
748 750
280 89
276 693
253 735
119 254
834 736
572 449
223 17
41 558
563 350
281 147
75 182
893 766
163 874
261 889
58 83
65 328
166 127
92 346
702 509
638 946
864 451
297 911
922 96
404 268
975 317
741 503
162 1
623 438
169 986
491 377
335 362
633 615
277 223
139 463
765 929
471 351
676 643
826 251
179 320
328 90
727 52
303 396
547 381
336 766
756 521
107 275
358 653
728 850
276 39
817 627
153 320
425 629
896 543
236 401
975 74
933 913
198 696
301 986
509 185
386 447
430 101
743 384
98 319
423 766
34 972
885 556
594 379
892 180
618 283
265 179
401 675
716 760
364 700
125 645
605 554
490 827
896 571
413 202
34 411
986 202
14 476
500 612
324 574
957 30
697 803
165 347
623 800
478 373
447 170
175 812
168 897
146 523
143 667
412 286
229 966
928 939
832 680
845 385
741 322
603 790
714 344
415 701
864 922
345 851
654 837
227 949
661 900
571 904
54 107
677 111
617 890
150 861
90 549
985 908
580 165
467 781
225 635
282 337
51 975
479 949
804 545
871 562
672 716
650 797
106 752
11 266
518 863
940 471
42 413
23 518
321 947
889 248
803 589
694 112
882 912
301 172
943 860
994 335
933 623
574 975
473 697
807 856
526 200
152 637
572 948
155 469
556 408
369 658
521 882
114 796
338 449
765 554
371 360
9 473
353 859
752 316
250 972
401 228
9 734
571 246
173 299
894 871
297 912
860 728
172 748
479 714
778 597
696 128
21 899
525 546
486 613
193 722
520 737
906 502
123 188
373 433
277 141
936 877
30 617
549 347
464 752
512 36
907 108
88 184
157 410
155 729
625 252
178 123
457 731
578 772
231 812
259 275
272 862
223 491
106 607
176 765
462 61
479 853
211 42
924 454
373 819
338 900
200 825
787 217
54 68
515 198
615 860
458 114
597 362
819 129
76 151
489 702
387 14
789 59
547 497
605 831
32 45
430 50
615 72
748 440
337 44
345 526
267 751
991 461
586 405
223 81
140 607
587 685
505 501
49 73
907 314
951 976
660 54
216 780
322 815
620 349
270 454
459 603
309 784
999 831
811 457
828 284
96 20
561 828
701 991
186 104
987 339
924 209
679 609
182 130
142 95
145 40
373 888
617 396
539 355
189 100
723 65
387 771
985 264
721 648
428 570
868 704
170 483
805 213
66 366
665 527
459 763
343 459
513 33
953 460
355 38
506 302
476 798
697 243
668 524
993 688
430 868
940 598
275 200
705 22
907 924
320 53
88 409
44 850
902 890
124 966
670 839
67 665
709 224
902 773
707 516
959 321
703 55
742 423
688 63
270 725
607 863
974 162
600 26
659 354
345 969
404 238
277 330
734 378
522 813
236 751
875 449
708 786
385 736
769 502
