2000 5000
1405 90
5 2 -2 -9 0 6 -10 -3 -7 -10 -9 0 4 9 2 -1 -10 -5 -1 7 4 0 5 -6 -3 6 8 3 -5 4 9 4 -6 0 -6 9 -9 5 -8 -9 -7 -4 -1 5 -10 3 -8 3 -5 -5 -8 1 9 3 -10 3 2 6 3 8 2 6 -4 3 -9 5 3 5 -10 -2 4 0 -6 -7 5 2 -4 4 1 -7 2 -10 2 -3 -8 -6 -1 8 -9 1 -6 -1 -10 4 -1 0 -2 9 -6 5 2 2 1 4 -3 -2 1 -7 -8 -5 8 3 -9 -3 2 8 -2 -8 -4 -1 -5 4 -7 -8 -5 -6 -6 9 0 -4 1 5 -8 -9 5 3 3 3 -6 -8 -2 -8 -3 0 -2 2 -3 -10 -7 7 3 -1 -5 4 2 -10 -5 -1 0 4 -9 0 6 4 8 -1 -6 -5 4 9 0 -8 -9 0 2 0 -7 8 -8 5 -10 -10 -3 -1 -2 7 3 7 8 5 0 -1 -3 -7 3 -2 6 -7 -4 -7 -2 -5 -3 6 3 -4 5 -4 -4 -2 -6 -9 6 -1 2 9 -8 -7 4 -9 2 -3 -10 -3 0 7 9 9 2 -7 7 0 3 8 8 -5 -4 4 3 -10 -2 -8 -3 -5 -10 -5 -2 0 1 9 7 -1 -5 -5 2 3 9 5 8 6 9 -8 7 2 -8 -7 9 -5 -10 5 -4 0 9 7 5 1 -9 5 -2 -4 -9 1 4 2 2 1 6 -1 -8 5 5 2 2 -1 9 -9 4 8 -6 -4 -10 5 6 2 3 -8 -8 4 8 9 9 1 -4 1 -3 1 -9 -10 -2 5 9 -5 -7 4 -1 -3 -2 -3 0 0 -1 9 9 -4 -7 -5 -2 -6 3 8 -5 9 -4 4 -9 -4 -8 -4 2 4 9 7 9 -8 6 -9 -5 6 6 -7 -10 -3 1 -8 8 -4 0 4 -4 6 -6 5 9 -5 -6 0 3 1 3 9 0 -3 5 -10 2 -5 8 2 3 -3 2 3 -10 9 -9 -3 -7 -1 -6 -10 2 4 0 7 1 2 -1 -1 -10 -7 8 8 2 2 -4 -5 -8 9 -3 1 6 -10 8 -6 0 -4 4 -1 -8 7 8 -5 -10 1 -8 8 -8 -2 9 -7 -4 7 -6 -7 5 0 4 3 -8 9 1 2 1 3 4 7 6 -4 -10 0 -10 5 -5 -1 -7 2 7 5 -3 4 -10 4 0 5 -8 6 -4 5 0 -2 -9 -7 -6 8 2 -4 1 7 6 5 4 -2 -2 8 0 6 -7 -5 2 3 0 7 5 0 -3 -9 7 -1 5 1 0 6 9 -7 5 -3 6 7 3 8 -2 9 -8 9 3 -4 8 2 6 -9 2 7 -9 -1 6 -7 7 2 1 -5 2 -10 0 2 6 -7 -4 9 9 1 -4 0 -1 -8 9 1 -9 6 0 -3 -10 8 -5 0 -2 -2 4 2 -2 2 -9 2 -8 -9 0 3 4 4 1 4 1 7 2 -10 -7 7 -10 -6 2 6 7 0 1 -9 1 -3 -2 5 -3 8 0 2 -3 6 -9 5 7 3 0 3 -4 4 4 -10 -7 8 6 -2 1 6 -1 -1 -1 -1 3 -9 -9 0 6 3 -10 -8 -7 -6 -3 -10 -6 -10 -2 -6 8 -5 9 8 1 9 -3 2 -2 -8 -7 -4 7 2 8 7 8 -8 7 -9 -7 -10 1 -2 6 7 8 2 -5 -6 9 2 9 7 -5 3 -2 4 1 6 0 5 5 -6 -6 0 3 -5 7 3 6 -7 -4 -2 2 5 -7 -9 2 -6 -10 4 -4 -3 5 3 7 -7 1 0 -2 7 7 0 1 -8 -6 -10 8 6 4 -3 4 -1 -5 9 7 -6 -10 -3 -8 -5 4 -5 4 -2 2 6 7 -3 -7 1 -4 6 -1 -7 2 6 -3 4 -1 2 1 -2 -10 0 -7 3 1 -10 -4 1 -8 0 7 5 3 -3 9 -8 -2 -8 8 -10 8 -1 -7 -10 -9 4 7 5 4 4 -7 -7 2 8 7 1 0 8 5 -10 9 -5 3 -4 7 1 7 3 -5 -7 2 -10 -9 5 -10 7 4 -5 -10 -6 -8 0 7 8 8 -2 -2 -4 7 -4 -10 -10 -6 -7 3 -2 8 -4 -8 -9 -6 -5 5 7 -7 -8 7 -7 3 -3 6 -3 4 8 0 -4 7 -5 -2 2 -3 -5 -1 -4 -9 -10 0 -4 -2 -9 -2 7 5 -8 -10 -1 -2 3 2 5 6 -7 -4 -7 3 -6 1 -4 -10 2 4 -6 6 5 -5 9 -3 0 -4 8 -9 9 0 -9 -6 -5 -5 8 4 0 9 9 -4 -2 0 6 -8 7 -8 3 -8 -3 9 6 4 -9 0 2 -10 0 -3 -1 4 9 -8 -7 2 -3 -1 -3 4 5 -1 4 0 2 3 9 6 4 -8 -10 -2 4 4 -6 -9 8 -4 7 9 -10 -9 0 4 3 -9 -7 -4 -4 1 -4 -9 -9 -10 -8 -8 -4 -9 -1 -9 -2 -2 -1 9 8 9 6 7 -4 6 1 2 -8 -1 -4 6 -7 -4 -4 5 -9 6 -2 -5 2 -7 1 5 6 5 0 -2 -2 -9 0 3 5 -9 6 7 2 -9 1 -3 -7 -9 5 -5 0 6 -10 -3 -1 -2 1 -3 9 -1 -1 6 -5 4 -10 3 4 0 -7 -7 -8 -9 -8 -6 1 -8 -4 9 -6 -5 8 8 -3 6 -6 -5 -2 4 -4 -4 -9 8 -5 -1 6 -6 -2 -9 4 4 6 3 9 -1 7 -8 -2 9 1 -6 9 -7 2 -1 0 -1 3 -6 2 5 4 -3 -9 -4 6 2 4 -8 -7 -6 2 1 1 5 9 4 1 9 9 8 -6 5 1 -4 -9 4 -5 -7 9 4 -2 2 -7 3 -4 -3 9 -5 -1 -6 4 6 8 9 4 -5 0 -6 -7 2 3 -1 -4 0 -9 1 -7 -3 -5 -6 -10 8 -8 4 5 5 -4 -3 -3 -10 4 0 9 5 8 -8 -4 6 -2 -4 -6 6 0 -4 7 4 -7 2 2 3 -2 8 8 -1 -10 0 2 -5 -8 0 8 1 1 -6 5 8 -7 -5 0 -10 0 1 -3 9 -6 -9 5 3 -4 8 -8 -2 0 -10 -4 -6 -2 -5 8 -8 9 -7 0 5 3 -1 2 1 1 -5 -1 -1 4 1 -2 1 0 9 -2 -3 -6 -7 8 0 2 2 8 7 -2 -3 -8 1 -10 -10 -2 4 8 -4 3 1 -9 3 5 7 -3 2 8 7 -2 7 -3 -1 5 0 8 9 2 6 4 -7 9 5 8 -6 0 1 -4 2 -1 3 3 9 3 0 -9 -5 1 -6 2 3 -1 -2 8 5 0 -6 1 6 -4 0 -10 4 9 2 -2 1 -10 7 -10 3 2 -6 -2 5 -3 -5 0 9 4 -5 3 3 9 7 8 -9 2 0 -3 0 6 0 -2 -6 8 -3 -5 5 -6 -3 2 9 9 -10 -5 -8 -7 5 -6 -2 9 4 -2 4 7 9 -4 -5 7 -4 -7 8 0 -2 -4 -6 0 -2 -7 -3 4 -6 -4 2 -3 -7 -2 1 -5 -5 -4 2 6 -4 1 5 3 -6 -3 -8 1 4 -6 -5 -4 -1 5 -10 -3 1 8 2 5 -2 -9 -7 -3 -1 8 2 8 -5 -9 -4 -4 -3 6 -6 2 6 0 9 4 3 -8 -9 -3 -5 -1 -2 -5 -9 -1 -10 -2 8 -2 0 5 6 -1 0 5 -1 5 6 -2 -7 -8 -4 -8 -1 -6 2 -4 9 6 -5 8 4 -9 -2 5 4 -2 9 -4 6 1 -8 9 -8 -9 6 5 -4 5 2 8 1 6 -9 8 -5 8 -2 -4 8 8 1 -2 -6 6 -1 6 -6 9 -10 -4 -6 -2 -9 1 8 -8 5 -9 -7 -9 -4 -8 -6 -1 0 6 -3 4 0 -3 5 -6 1 -4 9 3 8 -1 5 -6 -8 1 -4 0 -2 -2 6 7 -2 1 -9 4 -5 -6 -6 -3 9 -10 -8 6 -3 -3 5 5 6 9 0 -6 7 3 -2 -1 -3 3 -10 1 9 -6 -5 -1 5 -1 -1 9 1 3 7 1 6 -6 -4 -2 9 3 -5 6 -3 -1 -6 -8 -4 1 8 -2 -3 -3 -3 5 7 -1 -7 8 5 9 4 8 -6 0 9 -6 -4 -2 -7 -6 -9 -2 -10 -3 9 8 1 2 -10 0 0 -4 9 -10 -6 -5 -2 -7 6 -3 -9 7 -9 1 0 5 5 9 3 2 -2 -5 4 0 -6 3 4 -8 -1 7 0 3 8 -8 0 5 -5 -2 3 0 -7 -1 -7 7 -1 6 6 6 4 2 9 4 -7 -4 -9 6 4 -4 -10 8 4 4 5 -4 5 -4 0 -3 -8 -9 5 -8 8 5 -3 5 9 2 4 8 -7 2 5 -2 8 6 2 -7 -4 -7 9 3 8 8 -6 2 -7 7 8 7 -7 9 1 0 0 9 6 0 -1 2 -10 0 -8 -4 -6 -8 6 1 1 -4 -8 -7 -2 -7 -3 -3 -10 -6 8 -10 1 4 6 -3 9 8 2 9 4 7 -1 5 9 -3 -8 3 8 -7 -4 9 6 2 -8 5 5 -7 -5 -4 2 2 9 4 -8 -7 3 3 -10 -7 -3 -9 -9 -5 9 7 9 -8 8 1 -6 8 -5 7 9 -3 4 -1 -9 4 -4 -9 1 -6 9 -4 -9 -4 -2 -1 -9 -8 -6 7 -8 -1 4 -8 0 -10 1 -2 4 8 5 -8 9 -6 9 5 2 1 -9 0 -4 -9 6 -2 1 3 -5 1 4 0 -3 4 -2 6 -5 -3 -8 5 -7 5 -1 -7 1 3 -9 3 1 9 3 -4 -7 -8 -3 -7 -9 -9 -8 -6 0 -1 3 2 3 -6 3 1 -10 3 7 -6 0 -2 -9 -10 8 -4 8 -10 9 4 0 -4 8 -3 -10 6 3 -3 4 -2 -4 5 2 2 -4 -3 3 -8 -1 -9 -6 -2 5 3 6 0 -7 -6 0 -1 -1 -6 -5 2 -10 -3 4 5 6 -7 2 7 -9 -7 6 9 -6 7 -6 8 -8 -3 -7 -2 -9 5 6 -2 -9 -6 2 -4 9 9 -2 -7 -3 -10 1 5 -8 -7 1 8 -4 -1 9 0 0 -5 -5 5
1216 278
948 584
467 746
604 207
366 1372
742 540
1715 721
60 95
1565 262
949 845
1821 1864
1474 801
770 163
1659 1607
1508 1596
413 1363
1851 1675
1865 782
1903 96
1133 1650
1966 367
1321 1615
1535 1454
260 927
1104 1080
285 1153
1162 422
893 584
1134 22
1400 1946
327 1901
1253 115
1047 1097
1229 1640
1050 1021
914 230
42 1840
1713 333
1251 1519
451 1118
1650 1610
887 1329
1482 632
995 691
304 593
1791 562
902 1627
1178 1515
1218 979
1107 1074
1729 42
1843 15
1863 501
115 1964
1876 1269
917 1655
867 1096
478 207
1460 780
1356 634
971 1545
522 502
642 1591
1174 497
1307 868
1153 1909
36 1963
1139 901
872 102
444 1779
274 649
1563 1914
1206 410
1882 271
1335 1263
1879 1654
885 729
422 1152
785 223
158 495
464 1657
1075 762
1973 540
628 1895
1349 276
1558 1553
1309 1670
757 1416
120 1568
957 310
956 835
266 797
1891 1909
1631 1927
1400 72
1549 1117
1658 126
1479 988
1660 1860
1618 1133
1460 944
743 132
1680 1402
1914 1104
960 974
191 1569
683 821
1545 1471
1891 1851
1412 938
1072 68
906 1881
1601 846
210 973
1235 1565
1208 94
1088 249
1031 982
1111 1027
642 703
1646 1146
319 1219
1019 456
1450 94
1780 1379
1680 755
853 1907
213 394
833 1581
1977 1056
1965 381
652 1985
144 1377
281 882
782 1
1858 1861
1079 1130
908 1770
110 1388
353 399
755 1285
1636 736
1081 881
1689 793
730 554
1599 70
275 655
496 888
561 656
615 551
1219 1247
549 1601
26 1945
1869 1285
1559 613
1577 1683
144 140
31 1805
1423 235
1716 551
1061 1157
1289 1094
325 1164
1128 1563
552 965
1734 81
1658 1420
898 324
152 168
330 460
1510 1107
869 147
824 1767
1903 1968
939 233
996 251
1105 1729
1499 1288
1951 1349
665 488
1914 1023
1003 1794
1419 1501
1300 404
1125 1391
536 1861
411 1173
13 1473
725 1806
1213 1879
779 487
1514 1982
1557 1044
1585 303
630 1720
1533 1507
1435 1769
650 23
139 1710
238 488
1184 1264
1950 367
141 1040
797 1613
173 1170
779 1320
881 821
40 879
1774 533
1443 89
341 818
1885 667
1270 239
1616 685
272 928
448 197
1082 1642
1741 1370
697 200
249 272
159 1244
1288 1075
1343 1335
1831 744
1421 1252
1979 283
1895 1730
620 1468
1797 1595
503 1102
673 1565
534 655
1512 1627
650 168
1503 524
782 1774
1834 681
1378 984
866 970
1317 1511
5 1835
550 511
1723 1907
1193 1133
986 1011
1856 1625
315 667
1473 1244
747 1177
1933 584
100 625
1198 1081
183 697
1264 1457
455 105
39 1219
1291 603
1856 1323
1366 1456
1314 113
235 1400
446 1432
1006 602
1143 1250
101 992
1096 99
485 1254
218 559
161 729
1842 1048
1371 1522
616 646
767 1765
1544 484
1506 212
1861 1876
1486 1230
295 260
34 421
476 1396
1290 509
355 294
1489 1012
906 518
1928 1209
1406 885
561 387
1670 886
1131 230
1883 975
774 519
1544 1111
1454 503
291 1486
1249 250
804 359
1651 624
601 1341
373 502
579 1597
657 742
691 609
1434 1112
1837 1012
917 1364
501 1076
1517 1971
330 660
468 1890
1455 1440
1709 955
1797 1878
1079 1742
1214 1826
1679 976
1446 520
1625 1233
1446 1641
662 984
1286 116
1847 1147
75 1491
255 598
1024 1394
1392 886
643 321
546 1012
1473 1918
1766 766
1641 539
1928 1230
1792 1726
414 1967
721 905
1408 1447
1243 21
1411 1982
1265 108
959 113
1777 1523
249 296
1565 420
1693 1245
499 709
1782 577
1469 121
1899 1340
777 536
908 794
1817 754
373 564
1868 303
425 497
996 1845
1546 1635
1072 1591
1247 1574
751 824
1106 1193
1463 743
688 559
1455 1746
1653 717
659 1791
307 527
1517 115
1706 1899
241 927
1137 357
1016 269
1253 1814
469 266
1204 1507
834 287
776 1519
1840 377
1334 830
1585 251
309 424
733 451
1100 1361
1785 440
1556 1137
1244 147
548 1261
843 1541
794 670
1239 917
1472 548
2 933
1995 1617
1534 1131
606 1136
558 711
567 1842
1389 171
286 621
1341 362
1185 1971
816 984
777 158
1119 1284
1773 1650
464 1373
1561 1563
1485 817
46 1034
23 533
1610 512
1428 1211
902 1321
1227 1401
1057 679
1549 568
411 253
1307 327
1492 1835
1534 866
1301 644
614 1652
756 977
1180 1336
836 1830
1530 916
1605 781
523 1097
893 661
1261 856
1778 543
229 972
1506 687
1641 829
723 663
758 1901
1970 995
1976 1027
972 1212
58 1498
516 838
255 1438
322 1501
694 1310
1157 1118
601 1702
343 277
811 990
1023 1278
1845 1262
453 147
1982 1544
510 1557
895 890
802 1376
1410 1570
599 890
1349 1469
673 348
1650 1841
175 1624
277 589
751 1654
163 1402
53 1291
325 1536
998 1479
182 141
757 1097
420 1324
668 1887
1788 1736
1229 1619
32 39
147 662
1891 1484
1792 1646
1730 1884
347 585
1643 168
583 1294
1632 1104
126 773
1464 244
13 1332
1482 444
1775 462
1164 1455
593 424
1033 111
642 724
975 211
953 632
1112 607
1106 1132
207 653
644 892
427 1809
859 1075
530 67
1710 655
764 431
1977 994
1677 1680
1464 182
595 1235
604 924
680 1488
873 1248
1973 1654
653 1766
1417 289
1791 1595
1158 128
717 102
192 1198
476 1014
1794 1091
25 1369
1462 626
496 1979
1475 243
478 232
1571 107
857 1763
1035 1108
1869 850
358 911
1907 391
1882 1101
1763 1116
1432 1921
1452 762
1766 926
1202 510
1871 103
1859 1457
53 1373
1434 670
1665 1753
1040 616
670 417
1738 747
1360 585
372 1293
90 1281
1393 1737
865 1880
1435 403
475 657
825 1591
1008 1531
1510 643
374 1803
626 1403
1005 63
1430 818
1503 27
1807 1029
1496 728
1038 712
467 1792
1224 638
937 816
402 157
51 1097
683 496
1212 600
943 14
1114 1152
1624 1277
1646 974
331 1998
99 1294
32 373
930 806
1274 1428
1887 264
1933 1793
61 1220
1498 1583
131 139
1288 1913
1605 942
956 83
1415 1209
605 1388
550 575
1650 1298
559 367
1879 386
1955 200
1839 677
1760 460
1406 196
1233 1981
1364 1734
1886 1393
765 909
1702 1402
1173 1775
1545 665
18 740
1034 315
44 1576
1078 1098
777 376
1183 1564
1064 1691
1753 1719
1039 1329
1589 1734
1441 499
923 1059
334 910
1597 1503
1816 1355
6 38
176 728
133 975
564 186
785 504
570 1812
415 1113
1970 9
665 1800
245 647
1916 76
881 1155
1208 1004
1747 1655
71 969
1841 1404
466 1853
1113 1613
283 1483
1975 626
1825 1388
938 1054
747 671
737 1705
1324 1591
815 356
1174 808
1394 1109
1946 1183
262 972
946 1785
925 568
1715 78
1387 1520
875 756
314 364
1218 1516
451 232
343 780
501 948
536 1117
521 915
498 660
270 510
1652 994
1330 1544
1335 1722
1900 844
1248 937
990 128
1664 436
915 210
504 1937
1108 1781
829 1838
302 429
1947 402
1591 1683
905 590
1136 981
1949 931
270 1049
1625 958
267 1557
191 682
1298 1617
1 794
769 1429
1239 1569
1943 1831
1739 185
1065 499
621 954
691 923
459 1255
1402 1780
134 1422
1460 1295
1299 603
1154 1588
932 425
944 977
1432 1080
1241 623
1590 978
1502 98
1174 1125
1723 345
1310 1867
1063 1188
1296 1256
588 1291
573 1305
1681 1135
1066 636
352 661
224 26
1616 129
353 1258
1555 1804
595 1409
1915 1756
781 516
1610 138
7 224
1975 1227
511 1116
1905 1679
1886 709
888 894
1865 266
1641 896
515 349
1709 29
874 147
1845 72
1376 1360
1913 1601
1265 1809
298 1187
1490 330
31 321
1437 899
162 1444
1831 1104
879 938
1236 1067
1375 93
90 1965
911 930
119 200
147 238
714 1560
685 781
1845 436
1341 1787
1185 281
553 1252
970 809
288 1493
843 1713
623 425
182 526
1914 1182
235 623
1670 1054
1404 1724
1493 567
1661 1823
1816 742
131 356
506 1780
139 217
1308 65
1970 1794
1294 627
581 113
380 1586
1270 1640
1136 1636
587 1135
549 1286
1769 1945
304 108
129 1909
376 609
1775 1412
530 622
1583 798
106 202
1551 1686
20 1488
1363 1893
1946 788
142 1791
452 1765
1391 1002
893 1700
385 1055
1331 1527
736 1256
1809 1763
712 1298
668 1837
1011 1563
623 1848
1816 847
1935 1714
1926 18
1694 1488
28 1854
1819 1888
853 1384
1828 1131
908 1206
1151 815
866 1132
1974 1544
1656 1057
1512 923
1667 844
1970 1099
1110 1532
1090 777
1720 878
1730 472
143 882
76 480
1745 243
1441 1087
513 1093
1852 807
621 552
170 995
950 1046
1656 1355
655 1132
613 851
466 1087
1861 1490
802 1699
1302 1039
319 102
1840 360
1098 1064
1075 911
1674 1021
1974 503
1295 901
1744 850
1105 93
312 1081
31 302
1005 119
1716 1721
1559 1869
295 345
257 1511
1715 1256
538 551
573 1455
1392 247
146 378
990 1986
1727 1987
1136 1712
254 1925
659 1813
1366 1031
368 1179
1518 1452
638 1305
1909 1648
709 1523
1179 718
810 1974
866 259
1211 996
605 904
610 1235
1942 754
3 1919
868 1562
1225 1283
1621 1077
416 1589
833 1202
636 135
1395 623
303 10
366 120
870 1635
1575 677
1129 1312
864 231
1355 497
1106 553
262 1249
758 1444
3 1086
1775 197
1982 1839
321 5
2000 320
1491 536
790 932
691 1710
1347 1893
1679 1876
1670 1892
696 594
1432 805
437 1279
645 1290
386 1755
1885 513
397 597
427 1245
820 1046
1610 1635
1551 752
608 769
1986 57
746 564
1090 109
1955 177
1565 713
1881 176
1817 1881
106 634
1142 1218
1425 1502
1828 370
1092 619
1061 1832
740 1605
736 715
70 1548
346 242
328 355
1988 213
1410 920
843 1552
1366 1042
97 1957
1559 838
349 1435
989 960
621 1774
1871 1558
1090 1389
186 1748
316 1097
1151 158
1641 748
160 1018
914 49
523 1454
1792 1858
956 1100
364 299
448 882
278 945
1585 1388
784 624
1879 420
1886 419
1438 1346
1723 1234
1790 958
486 1741
1580 1578
1499 1779
1728 1426
1170 285
1108 173
413 52
1102 890
676 687
126 760
871 1894
432 1102
476 1130
1008 538
333 769
660 1122
1117 337
789 1605
606 49
433 650
994 1799
1580 301
682 1079
1944 1183
779 1338
178 1576
1707 23
530 1492
115 1898
574 211
14 1378
959 501
543 1547
1100 983
607 1290
1946 1080
966 120
1162 623
749 187
111 619
855 673
1103 378
1194 481
1744 900
988 116
1066 529
141 368
293 1585
1897 289
790 1921
128 1785
956 174
1278 1995
1407 1717
1074 979
180 1802
299 1840
1554 538
1284 1150
1640 81
452 490
1171 1522
288 1709
1820 1025
1584 1848
284 98
1073 1776
1617 1826
1608 1927
698 980
569 248
1339 1775
1000 997
762 1361
577 1505
735 1422
1580 527
945 210
582 1824
400 1547
1475 935
1341 220
1061 669
359 1309
1536 647
895 1158
1384 1858
138 1921
316 1368
1500 1683
1388 1890
530 916
908 302
1786 1132
296 1727
1722 100
762 940
790 1929
1325 589
143 1329
1540 1084
442 1410
1493 1631
1705 415
1061 1233
1500 152
1708 1431
615 1291
504 283
246 575
1167 484
663 1059
247 1768
595 1968
695 1098
1281 1210
594 1054
1648 1847
232 1981
235 1729
575 264
1606 301
1394 222
1530 1871
1560 1478
715 222
1882 616
504 434
1121 1332
825 813
231 531
1126 1654
1793 1847
1284 422
1190 467
1918 997
12 1192
1495 1801
1844 1535
1120 1801
945 596
1646 665
279 1707
1383 1824
358 1387
1830 1602
1595 614
415 1620
1621 171
732 960
326 234
333 1113
570 367
1767 1377
1740 88
63 505
366 1717
217 973
828 845
562 1083
1353 1701
636 1341
827 186
1818 1312
1192 1390
92 1072
1149 256
1655 1243
71 1134
308 183
1745 906
1037 394
1757 416
1731 156
11 661
763 594
1983 1462
1179 1851
586 1585
504 1124
155 1744
604 186
174 1862
1499 1094
1539 682
448 1
1335 724
1779 1000
71 630
1983 1148
1194 1443
193 482
865 759
1737 26
77 1277
502 830
1888 262
76 134
49 53
1666 464
1561 1235
1202 1988
16 1487
1619 915
114 1412
476 1972
1090 1689
725 463
53 805
702 497
1405 1304
832 1377
1347 884
8 419
643 210
339 869
911 806
1196 1417
720 12
287 123
245 161
1621 1378
434 365
1426 444
147 1348
361 314
1290 1418
1498 1472
1284 99
1848 795
923 1944
457 1134
922 167
1407 332
1482 1866
913 675
700 1180
1031 1976
885 324
1026 694
1365 863
1918 275
850 848
660 1842
1967 194
224 286
1919 831
1219 1713
794 23
799 487
1235 773
1804 225
72 1876
1705 925
1946 135
862 1388
1379 1468
269 1995
1759 1776
701 850
740 807
1485 1317
420 716
1178 1984
824 1313
352 1956
1464 600
7 1041
611 1214
731 372
1106 1868
1534 666
1524 1306
1272 1998
91 1209
1953 251
686 825
1455 681
1491 473
1156 502
1122 436
1027 763
1624 1355
1840 1880
514 394
903 8
842 107
1335 610
1941 159
1279 700
1962 584
1110 224
1604 627
557 1429
813 304
1708 1970
331 117
261 1204
698 944
937 1629
1964 870
136 640
359 26
809 1581
836 1473
405 1968
1253 615
519 916
1091 381
1550 1190
251 64
939 1928
306 1869
342 1601
1202 1475
879 81
1228 763
159 44
1276 985
576 1856
1859 1483
389 168
1928 1916
1848 363
315 1406
1413 1659
1093 1878
368 174
585 813
1615 839
594 601
1686 1201
1337 588
760 247
1201 1319
1402 938
1519 327
329 297
1545 1373
459 1296
416 1954
281 305
1437 1752
1499 860
28 1650
1758 1951
1515 910
518 1601
883 1308
1790 389
599 177
327 1556
338 320
1328 731
318 858
986 1563
1934 207
1418 1053
322 1242
890 1513
30 1055
1199 1696
1012 1930
1614 1349
926 1661
1230 784
903 612
157 1747
492 949
1094 1364
1246 424
1955 211
471 1369
469 248
166 144
1026 1029
1711 1372
180 1173
903 242
1755 1315
1867 170
1630 1785
1091 46
1861 63
1576 1250
1218 1760
1593 127
604 1867
233 1609
347 1513
1150 1463
1542 1451
991 1124
745 1414
542 1515
1340 428
506 1835
445 145
1424 1607
1801 853
586 509
819 837
395 1106
1794 1176
1763 1775
1948 1051
1248 14
41 617
540 1243
692 148
322 1405
1848 567
1583 1126
1903 925
703 653
480 1092
496 227
1506 1061
996 1832
179 1504
218 260
123 1251
833 229
1450 1842
1473 1199
949 1359
1411 354
436 789
616 1270
553 561
978 496
1344 57
1474 285
1295 348
1972 1067
1705 1748
1855 750
331 1939
376 1986
1293 112
1666 166
644 1769
347 1300
1905 1974
703 556
351 491
857 1739
800 412
981 1634
1396 450
797 1304
798 1137
1314 1676
1896 1301
763 183
57 647
569 1057
889 1155
396 302
1260 1812
282 1062
270 1057
1916 327
1001 1927
534 486
317 367
581 269
1488 1541
1629 1131
1162 245
1544 989
612 245
1793 906
934 926
67 1341
21 222
1496 1455
402 32
166 354
1760 1641
1772 476
108 1482
1690 1928
356 214
725 1599
481 1042
344 1553
299 1160
1128 422
1469 1875
1450 785
1979 1155
513 1302
1215 1001
256 577
839 922
1225 1072
1223 1599
706 1806
1060 642
1647 421
925 1659
1636 916
1006 1445
1298 1699
842 1204
751 1901
437 1977
750 307
428 422
738 1004
205 1238
1825 1805
120 409
729 1368
1510 918
1965 982
616 1964
987 527
1602 1643
1629 683
1771 1426
861 795
765 777
1946 1851
990 98
1739 1662
1527 1151
1354 366
1337 655
289 357
542 1378
551 1209
212 1855
1265 1091
23 82
445 761
1751 1867
488 1192
726 1430
844 1853
944 1517
1534 1982
1002 685
848 693
573 268
1884 356
845 836
606 467
733 1315
1776 817
1451 223
1034 1913
592 1403
1442 761
413 1813
1828 273
631 1170
1699 1504
662 1737
374 66
1575 1838
416 637
144 560
1930 654
1767 928
120 1026
592 1303
1325 1605
1962 1769
1557 290
315 1456
1847 1533
1442 461
963 704
42 1521
265 834
1591 413
473 882
922 745
729 1083
179 123
1347 1549
459 945
1498 191
930 451
1884 1521
246 1726
92 672
1707 860
949 1875
1836 212
1581 609
1682 1665
1475 858
661 1489
156 845
1423 1818
1274 264
1498 64
1320 1779
1982 1842
787 1050
1275 1484
671 39
531 1757
1986 1818
617 1271
1145 1768
892 209
1347 1154
1484 319
883 494
1497 141
180 1043
274 1175
1130 1210
816 1927
651 62
884 1171
974 98
723 1569
810 376
163 1198
1335 1255
1788 716
1782 1553
920 1535
783 1604
1846 1087
1035 841
441 1183
504 610
263 38
878 482
861 188
1303 660
1338 1123
675 422
745 975
328 449
1073 27
1014 794
1795 4
1566 618
1497 119
1432 954
297 1279
346 1383
211 408
1219 1241
1376 1749
771 561
1305 72
138 1306
743 1203
1298 1198
961 1392
376 865
87 884
583 561
1231 11
1344 911
216 1625
666 1762
1391 950
344 1042
139 572
1887 515
1557 1168
892 1625
952 278
872 1869
1246 860
338 1721
800 574
248 794
364 1823
1423 38
757 285
71 846
433 1314
175 1165
1598 1121
765 1005
647 800
760 1075
309 409
1464 437
1651 512
1974 1902
1769 1498
850 1633
1277 354
1525 928
1041 1275
701 1208
7 1934
359 1154
1291 881
1771 529
625 512
1119 194
500 1489
1230 1453
685 1646
1475 485
123 1839
231 889
57 1147
386 1312
664 1604
979 556
1112 1413
322 633
579 1905
1163 335
867 1876
900 1258
505 1794
767 1869
190 84
37 1992
95 114
1573 320
1397 875
744 320
1433 1813
864 871
259 1617
1047 34
54 533
1729 1417
253 1097
1482 952
22 1661
1721 386
1058 113
1275 373
1716 1452
410 378
79 238
420 855
1174 57
1191 1855
331 1727
1357 526
34 1158
1159 1824
469 1548
475 232
174 1512
1682 291
1885 1129
1294 1177
971 1634
13 1950
1527 1514
254 1678
1686 1508
1126 1075
1458 154
55 1164
1479 1748
1783 1849
1698 1798
1936 240
721 828
119 864
1944 905
841 890
871 699
1399 1812
1652 1062
242 1857
416 354
1160 261
664 1508
1112 1681
554 1375
1982 1603
1379 212
679 1496
378 67
1430 1500
794 92
1277 851
500 144
1428 672
42 757
660 1505
986 1477
430 448
1677 473
582 784
855 1893
446 408
1046 51
1883 1842
437 386
1700 847
549 1483
1682 951
1255 63
1200 345
724 883
174 2000
618 1485
1816 1686
967 391
1948 1830
1924 1147
754 1142
1927 1987
1734 1546
980 378
1985 1938
1094 1005
244 1456
1690 15
757 1471
1205 1371
471 1011
1722 1995
1398 1134
1586 377
1605 1880
853 1898
1543 1933
1093 342
1325 1296
897 1961
197 1810
619 6
100 1063
970 166
379 1117
44 5
275 1877
293 726
1382 327
1911 1855
782 272
1057 153
67 185
1299 1195
29 104
886 233
1430 1728
1006 302
1364 800
722 1264
1346 1386
580 524
354 405
1221 465
1510 805
1222 1269
478 781
1679 1152
1486 215
324 1250
484 810
1060 1247
1538 214
856 1516
985 950
1562 410
465 265
47 312
59 1751
1970 1665
930 1225
1299 1702
1176 1425
1808 1942
655 1352
1967 169
528 896
1577 1062
459 656
1556 1766
1109 583
1909 1906
699 1823
942 1361
221 141
92 584
1991 274
260 1385
178 368
578 1422
682 1540
1537 622
797 1363
689 749
313 968
941 1952
1559 1616
1750 1280
1700 250
626 935
310 1461
1304 1406
356 472
1136 1594
447 1582
1231 969
1878 807
1948 1787
602 1323
1562 1534
174 1907
795 387
25 449
7 478
1196 600
1554 1927
1837 1388
566 108
945 180
1841 1814
50 1823
1920 814
1273 1389
1087 486
411 1178
225 1522
1793 1109
204 1530
84 1510
729 1006
1691 1202
164 1889
172 1825
850 1021
659 1480
1563 462
1517 1616
1932 1876
1602 235
1 567
1958 1762
1587 1984
1265 1065
1474 410
1481 800
1114 1071
1370 1907
358 1824
1371 1860
933 1435
1427 945
1277 545
113 1006
1389 644
1019 1766
1861 552
509 475
459 585
1223 17
1422 561
547 1669
1309 1358
552 828
373 14
804 1029
1840 606
57 451
1979 316
315 1854
679 164
531 1624
1751 1639
1836 588
1248 1169
1292 134
1324 1541
1915 678
1318 1600
1842 1142
129 1073
1561 1512
1194 1704
75 1572
713 966
51 909
1731 425
1480 418
904 868
1162 883
1795 1157
1876 951
863 1632
192 1184
10 111
1499 1697
1790 1899
612 118
1452 844
884 109
499 146
1475 437
1290 1486
554 1716
832 20
291 404
1238 229
485 1518
549 698
392 1235
607 1063
1969 320
552 839
611 617
1357 1769
1762 233
890 630
1381 818
1617 1355
332 971
1335 393
242 1427
565 357
304 555
809 1789
1583 787
713 1985
296 1008
1788 1896
1078 1740
386 1107
1252 398
548 1997
661 468
1622 361
1986 1194
1233 1988
499 913
1266 1404
1198 1313
1125 1359
346 236
570 786
1256 1873
1739 1273
1963 1720
92 803
1973 1389
1221 768
586 128
1524 597
1354 1041
1502 434
1146 1924
1616 621
770 156
73 1815
408 485
208 701
856 1762
1929 1411
201 538
16 307
248 167
1887 1246
962 712
860 1032
852 416
1413 153
1492 1539
1214 564
1473 897
223 723
1800 403
1176 710
521 752
1884 1349
43 809
602 1826
505 1759
1589 1594
313 1006
1343 1620
506 1591
481 1522
1085 1852
1768 1595
59 971
1713 265
264 454
871 1587
564 388
1155 328
1898 1565
64 150
191 1735
1112 1264
1673 487
105 1162
432 634
1824 1395
1660 1175
1208 1206
1495 1472
1612 1691
1123 995
720 276
380 548
1793 1072
1118 1981
1181 376
1167 565
614 1691
228 1589
1907 1295
1400 1243
1979 1751
42 1286
476 729
994 96
1801 132
1713 1248
241 285
1281 669
1387 1709
1827 1474
1668 1664
138 1666
1287 251
138 1888
1603 1120
1182 659
240 1029
1910 1963
1878 295
1769 1923
685 67
891 1451
18 291
909 1227
1016 271
841 445
1402 1080
1276 1814
303 1150
1948 1758
1534 738
308 217
1071 1554
1757 1142
1262 1417
109 1905
683 1179
1020 484
1730 402
1844 905
1591 501
1471 910
210 631
1313 1349
1414 1070
1330 1366
1930 713
1264 1710
1276 1331
1930 1320
1776 709
511 1122
1045 242
1683 1371
640 1171
953 676
798 211
1897 1815
907 269
382 1773
1384 885
787 1352
775 1305
568 219
1380 877
1833 241
1728 1375
278 133
1821 1743
767 901
1828 1524
768 1012
873 1700
866 984
1122 817
1056 1913
1226 328
1001 923
36 1990
1744 195
389 1918
573 984
1705 813
1830 1372
992 1374
640 634
1117 1263
897 1014
336 462
1901 742
772 701
520 788
626 1366
1734 1209
583 1945
1226 519
1314 1246
669 866
909 1531
254 1390
1756 1308
1955 594
1378 893
1159 255
279 381
945 337
727 1731
990 1386
309 812
1100 52
1570 1291
1429 163
1627 1001
272 924
1752 1415
1180 1840
229 287
1245 532
381 1957
1047 715
1863 778
1392 1260
1981 673
732 1172
1037 1506
834 1945
1001 1383
1802 652
742 24
774 1539
909 739
1868 957
1713 1390
1869 1159
466 1611
1703 1284
1973 387
34 341
528 663
1929 639
351 103
526 891
1665 560
1499 1816
1059 1521
1153 961
1737 1757
6 1707
1321 1887
382 1212
1573 713
140 158
543 117
1731 1825
1791 1295
1509 523
1339 904
1545 933
1519 1569
1755 663
896 1164
899 923
884 558
1912 1041
1665 908
57 532
546 1166
461 1350
1051 1210
875 1193
1653 1505
502 1374
1241 899
596 1242
1669 1752
1288 1140
50 1739
1026 1180
1705 363
60 820
1159 1636
984 956
909 1157
973 1706
91 1271
1242 105
574 920
45 861
1242 1551
197 1818
1057 1313
734 1985
445 1366
767 170
51 1474
774 1943
1353 1340
1323 449
412 640
957 522
776 1735
1694 1804
1721 1311
536 1723
374 1985
1890 738
1065 1595
323 801
1390 1379
1080 781
1480 1670
190 895
1705 1913
362 511
1859 1727
1159 168
1835 1761
497 1628
1175 1151
746 745
65 497
1278 662
1761 1863
1896 666
105 1001
1142 569
981 810
279 1979
773 395
315 1073
608 920
216 845
618 882
1017 577
971 1710
1748 278
568 348
122 1524
285 77
664 1661
1753 1896
392 853
486 329
1541 317
147 201
65 104
272 525
1643 1411
1330 633
108 1749
760 867
2000 1301
1079 665
1074 691
1165 672
158 437
21 307
1121 1769
1209 1030
426 1763
321 692
936 1260
888 543
1024 729
1477 77
301 872
904 582
858 1911
77 736
1044 840
1458 703
1836 1149
1706 1104
1058 45
1979 964
766 1921
1352 1273
654 1501
1354 79
355 1755
499 208
1288 1895
1176 1954
1476 1643
317 7
251 322
1298 922
274 1134
1930 652
1416 861
281 584
1279 1680
1433 1540
327 407
1931 624
100 941
1357 352
1251 14
1173 56
1062 824
95 1052
1357 580
380 846
1607 136
124 48
133 456
1990 602
468 350
574 182
1711 1108
1561 1966
700 101
1281 1485
1562 1072
1098 293
146 970
1104 933
402 816
1986 1904
372 1510
737 165
1727 123
1351 856
1171 444
1382 1833
1396 909
1233 1690
1289 401
82 1371
1704 1957
718 1199
389 729
685 956
434 1274
1600 1014
516 1378
1116 1417
1520 923
488 910
1051 857
1171 1476
1780 550
1344 64
1642 1728
1489 1195
1920 1134
1401 605
1589 1604
1014 1007
1877 944
1434 408
1411 1641
299 881
893 1248
1165 1349
1582 1701
1584 1932
1234 1607
568 1329
877 1139
798 684
1141 1466
1055 99
610 917
962 1443
1206 697
987 1543
1058 692
1841 1863
56 991
1027 1895
1867 1128
391 927
120 666
938 261
16 295
1254 1814
1872 826
1205 1683
887 630
847 1921
869 784
1787 1482
634 1467
447 457
728 569
954 1151
385 1574
279 675
1348 280
755 1073
1264 779
1940 779
125 114
185 1876
298 1447
1266 188
595 1923
1932 1040
1765 1802
1844 437
1986 1050
1640 1851
175 522
326 1416
1093 919
34 336
1191 1053
1468 1389
676 920
1676 267
1071 1906
420 1164
507 240
1688 421
584 1955
249 1840
960 14
1059 1677
15 186
263 1831
246 839
767 1047
949 1332
49 753
1812 429
438 1182
292 739
1428 88
457 1185
639 500
1930 194
742 251
1283 1563
283 906
721 1289
658 1265
364 1443
574 1658
532 426
1587 635
688 939
557 964
1149 1797
983 1597
312 937
1195 1137
364 1828
1688 1953
206 158
1841 845
1287 1030
1674 1523
1017 1839
819 1314
676 644
1521 1699
1015 1713
830 1859
214 1280
1534 1480
1324 32
577 327
1926 656
1042 1569
1789 410
1845 1611
1823 574
1319 302
798 1021
1614 282
991 24
1558 923
673 689
1572 1157
917 684
1831 1040
1274 1202
1080 981
286 787
724 681
918 1554
1741 8
1108 593
550 447
1237 955
770 675
1612 834
1622 491
608 1454
1482 577
27 1009
367 762
1436 870
588 832
1200 763
1083 1568
245 35
900 455
1373 1610
113 212
624 344
1399 1585
481 127
736 884
1246 1354
685 625
1636 1855
606 1996
298 1445
852 1881
1402 459
444 1272
312 1088
1309 1753
1047 1177
439 127
764 59
1176 1402
1510 1161
107 791
135 1317
341 1420
714 1904
1169 1957
490 192
883 853
1012 1289
243 1735
133 438
360 1588
1710 676
1093 547
49 1134
1896 243
412 1316
1325 1431
111 924
431 387
103 1101
758 475
880 140
1941 1669
109 283
1143 1967
1283 751
273 250
285 1622
363 1756
69 1758
900 1553
227 622
327 1628
172 1142
1687 1350
1230 237
1100 587
1655 1118
1371 1483
1694 132
1998 157
619 448
1675 457
399 540
1480 1717
882 1739
1680 1621
1711 622
1364 387
420 1262
1489 846
193 1481
894 1246
1674 1236
379 259
1298 435
600 1156
685 1227
91 871
123 493
1626 270
609 1020
1876 1989
1440 1490
839 904
3 396
199 1882
1058 1391
1794 976
921 1250
1776 946
706 1165
476 769
1358 166
1523 1056
158 1350
716 1785
1051 970
814 1762
1612 556
825 432
995 324
473 1324
61 88
467 355
645 748
1841 1527
159 333
1519 1317
781 692
1590 1247
175 1783
1604 1925
741 1145
1417 1941
1450 1333
1599 1557
409 1641
1043 328
298 74
1437 229
1865 1009
1842 1631
881 498
329 1814
303 258
1096 816
1517 840
28 1006
249 1668
1621 1821
1993 368
1224 688
1187 605
619 158
1736 1348
1310 766
1803 1413
1353 1748
1989 337
1219 601
781 1360
614 1550
108 1380
1412 808
1252 629
369 1624
388 1631
363 400
169 1560
448 1898
444 1584
1774 205
445 305
1871 104
1623 786
378 1367
1676 1549
1141 644
329 1602
245 695
1027 1492
165 1486
119 292
1973 493
376 1420
1080 1181
541 751
1873 836
497 787
223 851
492 1750
979 1519
1499 1656
1230 1963
1962 1392
187 35
1434 1713
1909 1084
1541 1578
1256 818
1071 938
1876 432
29 1843
1748 1899
763 149
1301 1942
1773 1398
1707 1299
1146 1376
981 1000
1670 616
334 930
185 1009
509 1234
1062 334
1646 844
929 977
1457 860
1882 735
450 1394
229 1975
1639 972
675 1889
1978 1798
158 1534
893 1364
858 395
1037 1590
1156 231
1445 1698
1777 1046
337 1725
1472 947
824 1372
194 1313
656 1150
578 1396
663 152
68 551
1204 570
980 1266
1557 1071
1345 1783
457 728
1299 329
1824 230
1358 23
1156 627
1962 1070
250 1222
1976 1427
302 1171
605 354
1234 817
508 1578
839 1063
916 463
742 1631
261 187
1352 982
1420 499
474 1975
1093 647
748 1393
1017 345
1615 57
928 853
1373 1335
1362 1023
490 1993
681 1587
825 908
1168 674
1588 1991
1496 559
1538 86
1801 1502
217 1513
34 1062
196 82
1709 927
651 205
1228 1283
258 1773
306 194
365 713
1040 684
1932 1747
145 1661
1665 432
1728 947
648 119
804 1675
1877 1499
1127 210
177 1961
994 60
1388 1037
686 1120
1690 1029
1333 564
1552 1233
1379 543
437 735
503 1569
551 294
319 48
1660 718
1617 27
923 1564
377 1312
1829 807
853 1579
331 717
2 1603
1282 1938
1466 1312
817 1842
729 1980
1686 523
1308 344
1516 1107
264 1148
1842 150
181 937
516 311
847 1103
971 1525
1114 1639
1601 960
1232 519
1981 477
299 1384
644 1628
703 596
648 951
1599 1412
1878 326
801 1028
1455 533
1972 1277
1793 1771
258 1938
1508 7
1884 1031
681 613
1232 223
138 987
605 397
1798 204
1937 1256
1408 1580
1151 170
1742 1708
1699 1124
1216 1855
1814 930
893 1482
1994 1241
1534 402
32 1857
227 749
572 1798
626 602
1288 1534
1651 1438
1112 1944
832 1720
993 771
1093 1764
1688 199
1112 1047
1982 1898
1228 747
909 1283
1743 44
1494 728
380 29
1825 1882
721 1439
111 1929
1550 988
168 1767
1064 134
1065 1272
594 276
1189 1516
127 1440
1331 1049
1492 987
1891 724
925 555
317 39
1898 1906
429 1227
412 758
361 1589
1300 1250
981 822
472 1892
105 466
934 506
1608 859
1684 1109
1872 120
1498 236
26 1187
1377 630
1174 1836
971 1300
898 1370
706 608
1630 1559
1280 1691
33 304
1056 522
827 710
505 1909
890 1149
986 1754
1339 161
262 639
88 1529
1747 440
1087 193
1636 396
149 1779
1549 720
1487 637
760 635
876 1132
720 197
1870 524
1089 1757
905 279
1920 571
1070 1776
369 1763
41 1313
1236 325
1563 1640
538 401
1592 1057
1521 1369
124 1556
1123 1750
1545 1818
462 736
909 1072
439 1979
360 929
860 1633
846 1301
282 970
1485 1517
1078 1518
1357 1151
307 1318
1660 159
249 1836
1858 110
1088 297
681 744
518 27
720 376
1820 418
572 1478
190 652
955 588
1459 344
865 1825
5 1983
1673 495
1686 1722
1578 309
1442 467
1514 876
1546 112
600 738
584 1713
1468 1778
645 187
1395 1914
1724 1147
585 1115
644 1480
445 1510
1013 1752
1900 719
602 239
259 330
345 1594
250 1101
886 270
895 205
1272 1127
610 888
941 1225
1663 1432
1306 1762
1447 455
744 16
680 443
1748 187
537 130
1003 1711
256 917
1843 1917
766 336
1433 353
660 22
732 73
1066 1442
106 88
187 453
182 649
1073 431
1271 1862
1686 580
1516 698
1964 1014
1971 96
294 708
1093 1553
592 1603
1581 1119
100 1784
535 1513
1409 339
1100 790
1536 1621
1676 1928
727 1685
1702 1721
1034 1209
1688 383
312 1135
1968 738
181 1113
1712 1302
1774 761
1913 1083
620 360
14 190
1476 1653
1152 656
196 279
1765 1021
842 499
625 1622
10 1785
1521 698
382 1578
1389 1227
1681 1979
1214 356
677 25
111 286
532 1085
1750 937
160 1044
1492 269
1650 1792
611 1769
253 1644
1286 150
1638 493
1953 1304
1305 541
837 1790
1828 202
1119 448
822 1568
1199 1345
833 1864
1708 1597
658 1646
936 705
941 743
1215 641
1841 746
1321 1758
1127 793
1439 919
882 679
1807 1984
1776 279
1048 1254
101 1342
1537 196
598 1630
265 385
222 1056
1712 1224
329 745
1730 369
1771 820
769 1983
478 1437
869 1640
1237 686
136 1228
1326 1006
238 750
452 1883
851 603
840 1847
918 892
195 1264
1628 1944
1999 1923
1625 908
83 793
65 1174
1532 1262
1723 194
323 1603
381 1913
933 1289
263 1124
1837 612
1786 1438
1850 832
1460 87
340 1399
1555 621
474 1707
1644 316
1268 38
459 195
1182 683
1308 386
1323 1430
1742 1908
927 406
1650 335
393 1399
1077 1991
1762 530
1724 35
1280 492
33 774
1772 734
1993 1923
1634 28
888 925
1669 1456
1814 1891
30 499
267 1921
1112 1972
649 1835
1312 93
54 1773
1778 1148
1857 1683
461 989
727 1758
622 1815
1750 648
65 75
89 1813
1115 1688
545 1815
1615 538
284 1058
1215 1636
387 607
1001 641
935 720
911 1582
1457 480
1618 896
833 389
1433 490
1129 1301
1569 286
1923 678
864 1913
471 766
968 1688
1530 1169
980 1521
1370 397
1535 617
1304 731
1678 1071
430 1255
1615 238
673 1959
927 903
259 469
1143 497
1328 669
1801 1309
633 434
1805 1354
732 1578
165 62
682 1082
317 809
1397 1650
1614 193
1845 35
1021 537
1429 1344
822 646
565 375
856 736
583 337
744 1637
564 107
521 885
795 731
1485 1084
1124 977
1711 346
547 1867
570 1216
578 600
365 281
110 1839
1688 1976
776 1298
1678 166
1445 1210
896 240
1628 477
1790 255
1333 249
871 967
1702 311
1566 1541
1276 123
21 612
1994 895
1913 1927
165 555
1425 1566
941 1702
610 1468
500 1793
138 514
1324 46
248 267
1864 1354
674 1308
1587 798
14 1807
1095 809
1831 648
1395 632
760 1030
1947 1219
1699 46
447 1534
1926 20
1717 1175
1148 1782
1499 6
297 121
841 577
1946 1954
450 492
256 583
814 1195
1212 1988
1302 1258
1400 1074
738 544
936 1491
104 1552
1520 48
417 1422
662 1199
1673 1438
499 840
715 1709
72 1941
1349 629
724 628
1484 2
1676 1776
1614 1447
1242 1170
1021 281
1522 1389
1891 168
4 1494
810 1056
485 482
1316 1119
1135 1514
1801 618
1209 1459
356 1411
118 1929
1213 395
662 967
1989 290
394 1593
1421 23
514 609
787 1051
827 1650
427 484
495 878
122 1680
151 344
408 885
1896 1317
1312 1174
405 690
245 449
1826 568
1717 1251
1915 1033
1590 1469
694 547
489 237
1695 1256
1461 250
1324 1587
1943 1358
17 1346
1272 1857
1507 1590
1721 1354
427 1713
739 778
1666 58
486 561
1722 652
609 1734
1874 1310
1605 876
229 1499
942 1541
1414 131
859 700
899 414
636 1932
1596 165
1924 1036
1437 1042
795 530
1805 402
518 951
287 1267
1714 445
1478 1328
889 1831
212 1781
320 515
1611 95
1838 1793
1193 713
496 887
961 308
480 1543
1071 1456
1564 39
1170 805
1619 1085
1119 1830
480 130
1234 1349
1561 315
1384 1200
1994 1453
247 1254
1697 1630
176 451
152 592
1491 685
1079 1673
521 1405
298 1721
55 472
1282 741
1151 1652
104 1022
1488 460
941 1629
521 338
1039 1860
27 514
277 592
221 12
1633 203
32 1671
1917 994
759 734
1925 1171
134 1755
1912 922
1379 1323
1665 1071
654 439
400 542
962 201
765 1524
1576 1551
1420 612
1029 495
669 1457
690 1131
104 762
553 205
1619 1559
1667 1453
71 1196
1195 781
801 1765
1026 791
463 1321
657 946
303 1423
790 1636
1276 566
1854 1819
874 984
1703 1748
681 1039
989 1168
409 682
87 1848
653 452
910 739
970 1340
387 11
1309 1310
805 1122
451 172
503 1525
496 1376
813 638
746 103
1348 1638
535 630
578 1293
1593 646
39 411
1684 737
60 508
1774 1577
1816 1899
1580 223
1804 284
777 1550
1478 1194
302 1906
170 741
600 598
937 658
1953 536
188 398
952 1669
1955 1908
1570 795
1905 1714
1420 692
1823 37
142 1144
1509 1035
137 302
860 1559
146 838
1952 808
768 305
1561 1224
130 195
856 1044
1906 1244
360 813
1894 960
1562 1548
1222 1174
1638 1108
576 1772
321 1025
1541 1792
1274 846
1067 1941
668 1235
628 493
1067 779
479 1470
1108 294
1679 1740
533 754
1357 639
1452 1612
1441 351
1813 1943
229 228
890 1229
449 1099
258 1052
1796 683
1112 1037
497 1533
693 714
1543 1127
1615 1133
1762 1108
1688 1236
799 1551
1896 1782
1306 1751
618 1510
676 781
1623 320
791 1720
1075 502
1940 1231
343 1834
247 154
378 101
509 610
864 1333
607 1799
1271 937
1572 744
594 869
1747 1701
1456 1835
531 662
1161 1229
1826 1057
1094 470
1463 1093
793 820
1836 151
304 1080
379 1282
1282 1515
1313 942
213 1576
191 727
1247 514
881 706
1184 124
1079 690
62 728
1941 1467
949 1935
1335 1394
1323 1285
1736 720
498 1179
1172 1345
837 800
416 500
747 1255
1748 1381
627 1923
1767 543
1601 734
203 1501
1094 506
582 1535
1328 1223
176 1006
1608 270
147 1668
1826 1088
813 1574
1077 959
1401 146
926 432
1534 1577
1552 549
1273 1846
751 512
496 1063
677 1919
1493 813
363 1899
1599 1960
144 1865
936 492
1030 996
1469 80
1303 1852
49 1310
1296 181
437 549
280 1276
800 952
943 745
433 642
966 1328
1160 999
999 1830
1736 1610
929 1916
1417 108
1345 1107
636 1221
194 951
193 244
301 1549
804 954
1294 943
1916 155
484 433
688 861
1053 33
663 1496
855 1914
1688 1836
1064 888
1051 1292
747 1733
1769 1988
665 402
262 1297
1131 735
798 307
1656 96
97 91
93 406
1262 710
1381 1395
298 42
712 120
1206 1709
240 450
244 192
335 1668
103 1128
1472 617
732 1739
1993 1946
342 688
1775 1447
1459 1495
1038 1061
1550 80
109 1347
24 286
738 1531
356 1049
1365 120
607 381
1860 525
1518 1333
9 1094
478 1176
1743 1301
988 655
1220 903
481 293
43 1889
733 152
472 766
735 1187
471 709
1794 1682
857 293
906 171
939 393
1921 271
448 1376
562 423
235 188
1093 1173
1924 870
828 299
719 1456
548 29
1764 1907
881 1583
285 1858
351 1549
1767 501
793 1955
1729 789
329 1577
1939 1491
1494 573
610 216
739 176
477 1266
1144 1568
1201 995
432 1466
528 1058
1516 1138
1279 931
147 1354
1248 1951
101 879
185 189
1756 249
1335 1918
693 1019
1213 1336
696 685
587 1826
617 1308
161 37
1749 1250
667 1892
1292 105
1201 1080
674 1009
1178 473
1138 1679
1193 1581
1217 223
594 1512
739 1303
297 1837
435 1929
636 454
1002 1273
408 634
261 1151
1764 1636
1300 1006
1394 1261
1612 1967
1596 1423
335 1623
1925 1985
425 1479
1384 451
674 1252
376 1738
984 459
1099 638
89 642
1847 1534
1301 1312
1407 1771
1935 205
1982 1744
120 14
1327 1962
23 1973
1220 1949
1350 804
1775 1043
1182 933
290 412
674 1671
1799 1341
355 221
231 9
1836 681
1246 66
1805 1131
1378 490
1648 1094
1788 1545
655 1504
955 1273
1863 732
1007 1306
1290 138
685 989
147 1980
288 157
1519 874
224 1258
1572 432
721 339
1078 1598
728 146
1248 1783
515 1142
1574 560
1511 198
1760 1124
682 780
1408 1770
1134 66
1536 1419
246 1536
532 759
79 1965
1831 1676
1511 1497
1004 718
942 121
1175 1579
47 10
935 442
1527 1564
1385 415
870 1852
1779 1043
1411 1647
1758 279
209 982
251 999
948 942
955 909
621 1307
886 1832
1391 653
1130 1562
1047 498
614 1739
1426 826
903 74
1420 2000
1510 1669
1694 1032
967 1266
1869 799
1428 1275
1106 1440
1877 166
743 1404
363 1030
1626 1599
1145 816
628 844
995 1958
675 1804
1774 454
549 1277
677 1841
1298 457
1147 86
1997 176
319 983
783 1190
869 472
1504 124
1992 1952
566 727
445 381
1587 26
1894 612
1511 696
1466 1727
834 1223
275 1680
646 771
24 1105
1887 1261
452 1327
589 287
1235 1847
1203 106
1207 376
826 1195
1101 438
1518 463
1312 1119
1194 322
1438 766
886 987
1270 1621
1299 591
1922 1083
1485 911
276 1256
565 1970
1487 282
1414 585
1931 1708
1696 70
46 1613
1532 1184
699 1097
758 1727
1205 1432
1311 87
1620 468
1603 465
1610 660
1811 193
177 135
146 161
1558 205
1618 1034
482 1230
521 1002
1220 72
1437 1385
690 538
467 1478
1578 202
666 921
1115 142
224 1168
1201 920
796 739
448 1983
165 1065
496 1447
1978 1995
1268 1350
1099 12
333 203
560 29
884 32
1317 1305
1318 1305
412 736
1392 1357
1296 954
417 341
1377 739
702 1197
31 544
142 1299
1418 1436
811 238
1846 1392
1689 1491
1544 613
1810 681
1040 451
1483 1632
1794 375
899 438
1241 879
836 1357
1139 1298
705 1752
394 51
157 517
288 1114
842 670
34 1037
48 1086
756 671
1318 820
777 1678
574 1306
1456 558
1588 978
1730 1157
596 1823
158 1601
1864 1373
1606 1758
620 1952
1554 42
1017 180
1857 964
1422 1800
1308 843
126 1290
545 773
408 1216
218 88
1730 1930
104 1412
1933 1077
416 326
1260 955
1164 794
931 1947
401 1541
60 1162
113 373
620 42
1594 809
510 549
280 1484
302 1911
59 1776
1175 758
1327 1615
1967 334
853 508
1777 1139
1315 1765
122 414
533 776
1067 127
170 620
677 718
1814 553
422 557
1217 1746
929 339
456 1175
1273 1269
1312 615
1368 1730
733 956
748 95
917 809
598 835
1529 1282
1590 869
1792 1094
135 1669
1881 1197
1752 1372
1692 883
1432 1063
1070 182
1591 1898
200 1203
1859 1596
1108 496
1432 1694
710 1663
1425 503
1188 1747
1723 1577
1267 123
1738 863
1224 78
209 1357
1538 428
1987 195
911 1690
761 1058
1062 1781
1867 1000
1906 542
921 319
271 1202
1782 392
914 430
1053 1534
1322 538
1192 21
1504 1359
297 452
149 1147
930 30
813 687
198 968
123 1258
657 321
1634 625
394 882
1925 1234
146 1027
177 739
73 982
742 864
518 1872
1825 1571
135 717
1869 764
1478 6
1660 1081
1800 393
948 1018
918 1373
1972 1017
480 1102
354 1374
1039 1771
464 634
795 743
926 1639
1448 501
519 66
1458 1517
1868 487
75 757
141 1517
1499 1696
1054 963
562 275
1679 1790
446 1939
1655 1769
671 780
108 1327
1444 1877
1279 414
719 1625
549 1410
1530 595
198 594
848 1321
223 1639
1824 1506
1536 1530
1140 403
581 705
228 197
1690 1667
680 2000
547 941
512 1057
181 463
641 712
1377 622
455 832
1771 1029
1366 1493
600 267
150 1524
785 605
1539 619
1018 316
1163 1050
937 1877
638 1422
228 1754
1822 228
1532 786
553 1938
829 400
1780 614
1050 1840
851 134
961 1668
1486 658
1920 1250
1101 641
1998 760
1020 1632
30 1698
1641 808
1900 13
102 1306
1356 912
310 1247
1662 520
890 1784
1699 133
1650 852
673 1548
143 1334
1148 1126
1185 943
1305 1442
963 1926
1571 728
875 1620
48 1114
1752 1501
302 555
663 840
1307 1036
1366 670
998 238
1775 1036
335 1653
830 1206
1767 1225
502 1888
1307 1895
66 1880
804 679
222 1196
118 1695
926 846
919 1182
1387 1537
546 1631
814 167
52 173
884 1215
224 182
1123 310
1650 1909
270 1548
496 408
167 793
994 1545
363 1112
530 99
601 55
1106 1789
1002 1937
1363 1575
1776 179
733 1133
1502 3
66 529
113 384
373 1592
239 753
203 502
1430 1452
1567 1504
1009 646
1604 1177
1087 1135
1310 1880
1636 401
819 796
1681 1873
1024 1812
595 173
82 1103
1252 928
414 79
1256 946
5 859
348 932
316 310
1456 1248
222 1286
1920 1748
1661 921
3 725
980 1399
1354 1515
1016 460
1519 144
1892 1710
1038 776
646 12
911 36
1563 19
735 494
1375 1021
928 189
656 485
614 741
1542 303
1359 1627
1545 1590
1262 1703
300 669
472 224
209 1499
1009 1553
1041 767
1894 211
501 1459
1058 1620
1219 550
1128 1410
1554 1985
710 878
245 1009
1680 1708
1551 1751
584 979
413 1282
1503 1294
363 51
560 1181
190 1086
795 436
1423 220
667 394
638 275
1811 312
1298 1936
1852 1274
23 837
347 535
1198 55
319 1585
1254 356
1288 1294
271 1787
536 199
327 567
1541 1357
1867 353
15 1072
510 1985
1033 451
1909 1239
1302 654
91 1136
161 287
941 1737
928 235
1557 1585
975 532
955 732
1908 453
482 754
269 947
1718 331
1066 839
496 1195
137 749
1326 1775
518 1253
1861 314
112 1939
905 1995
282 436
998 374
641 382
1713 1077
525 1117
73 545
171 1840
803 1750
1830 1859
1305 442
1964 508
829 1906
1952 423
341 956
209 1177
202 244
638 168
1546 1750
470 1235
1943 1047
1339 285
363 431
1526 1077
1310 970
162 1768
1588 1368
1441 655
1500 155
807 314
1973 1921
260 1360
392 1803
1146 978
472 1190
500 106
205 658
440 1129
1676 1369
390 1521
283 1629
181 1464
243 1125
1841 1353
1680 1957
915 1802
1557 145
140 585
128 972
1250 1285
694 306
1553 1855
936 1943
1148 937
416 772
1904 525
1923 1553
1538 292
936 436
811 23
1505 1682
1917 1460
1770 653
826 947
89 909
363 617
1066 841
1403 1675
262 1713
1576 122
1952 1681
1678 1
196 549
1003 1008
590 1727
486 1904
715 916
546 1471
935 357
1407 632
1754 623
808 1314
943 203
964 2000
235 1617
198 572
882 732
961 1072
998 63
135 903
1962 572
1673 1051
1299 1226
1176 2
1420 1665
1556 263
1732 140
672 1070
1660 327
449 1429
497 1075
1751 304
1698 1354
49 1850
1057 478
1787 39
1085 1981
1605 268
1601 1811
193 1007
1087 918
1270 1048
1436 1962
486 750
1843 1966
1877 1521
340 1232
546 1440
1735 1025
1649 1407
42 489
1346 1306
1209 309
1790 1380
168 1453
1091 211
1335 808
1770 534
111 886
165 839
339 327
1797 97
722 1249
357 1189
1667 332
50 321
1581 430
1540 1471
352 457
72 311
1272 1825
78 288
1284 317
131 1742
900 653
112 151
57 1304
1725 480
1027 17
850 1602
1769 78
920 374
269 1609
1465 1264
953 1073
28 1925
819 635
1803 812
282 1409
1587 1810
245 704
73 1977
1623 1173
117 1198
1359 1931
1705 871
1814 909
1641 65
795 1103
232 657
1093 1704
1149 1950
528 695
1240 542
1515 491
590 876
1247 1670
1172 126
304 14
215 509
859 60
1259 875
80 909
146 1751
973 230
512 724
1854 1785
1870 861
276 215
1696 1502
570 492
1505 268
1704 694
932 1913
392 1684
386 1834
1169 632
890 1268
919 320
922 688
620 1244
532 1573
1969 1975
1981 177
1586 1805
1517 1800
1411 1651
1971 381
206 1025
442 489
1643 825
689 1825
804 482
1056 1811
543 1138
337 726
918 1986
1734 1034
299 1281
108 447
948 981
581 44
695 1795
1317 620
525 1954
213 8
598 1342
490 1610
799 706
1297 1717
309 1624
1733 1515
838 744
1306 606
1817 683
104 1175
1550 1456
121 198
1961 27
1430 1927
1565 337
305 1113
1187 1372
1538 785
390 1101
326 1496
964 68
1281 1296
88 1075
465 1734
20 1243
1765 1447
1653 1072
953 428
479 436
1232 1566
1043 1586
1434 772
184 320
1433 693
184 885
1787 905
1647 1563
583 722
1654 357
1566 410
164 1689
430 186
48 472
155 15
499 1329
1039 1263
595 1277
1124 1931
1708 1435
333 1414
1594 1400
801 30
1865 1762
1219 1611
1561 355
1973 1458
1427 1056
118 922
1711 442
354 1390
105 625
1143 1357
994 1164
358 812
1412 1055
253 701
1841 1716
495 89
727 1176
1750 96
654 1453
1783 1087
657 1141
1217 546
1858 667
1892 1239
285 573
1511 1000
1965 133
494 966
773 687
1519 539
740 1134
1948 1274
1075 1680
908 706
300 1003
527 1748
1064 1829
1245 701
1360 953
1203 1725
9 1213
294 324
1008 1219
486 317
699 377
1205 914
1530 1266
1047 1124
585 897
904 371
1511 1221
781 1806
1200 1134
1745 952
777 1820
241 1820
102 1899
631 375
1244 758
1090 1433
395 1832
429 653
1415 1363
1959 1564
202 1490
1272 362
714 37
212 411
442 425
462 1358
898 1039
1002 1380
1245 1316
528 263
1703 420
1497 1042
1264 651
1420 360
874 1221
763 1421
6 135
856 1648
78 1805
137 1485
90 809
57 1827
1736 872
811 1525
1752 299
457 1083
320 713
633 947
417 80
1486 1487
1399 432
1393 1152
1616 1133
246 528
351 1269
611 1997
770 932
1012 1053
244 553
230 1656
1226 811
331 1053
1138 1634
1590 451
759 1004
782 1368
1773 1470
1466 1622
529 603
1305 144
755 413
1175 1612
1893 235
1281 1620
1223 312
1387 873
1946 373
1674 459
201 280
1712 1082
1013 1001
1062 503
1577 55
702 140
1780 20
486 1645
122 986
1448 875
1780 116
1718 1804
1647 1181
534 146
1283 1390
134 301
1114 1585
350 400
1366 708
1901 1284
687 1756
407 196
990 61
567 1509
235 194
1463 769
1545 1158
492 928
814 807
1490 1714
1724 725
333 249
233 1512
354 261
1882 1401
1431 1002
5 735
826 1644
1766 140
1392 698
46 1939
1475 1220
755 1064
1639 1151
381 59
1798 1504
608 458
749 681
248 420
997 1144
269 264
534 875
783 946
59 1265
1005 1182
655 445
1905 648
919 182
1426 88
1736 1385
595 1840
116 1910
307 1787
302 612
576 1478
350 141
528 233
1173 1019
1206 1627
1401 407
328 1212
1489 887
1061 1408
1605 81
1475 1062
440 289
1439 405
865 1038
528 717
326 962
684 1007
374 1451
1061 502
1476 404
905 1325
297 1382
1393 732
1368 762
1099 1748
512 1094
1346 332
166 1576
666 1742
447 323
376 1453
1481 1065
1941 705
1779 1337
778 1458
206 1103
365 3
1834 1175
1118 1074
1209 493
201 471
97 658
1870 1455
616 885
337 1038
1661 1183
61 40
1672 1939
1327 1718
91 1097
1396 421
1734 1360
311 885
1414 351
1163 1529
324 90
654 595
1670 439
1826 1240
1949 961
1312 1651
1213 1374
143 1868
1349 85
1382 1578
1920 1056
1265 150
1489 13
514 483
1797 424
1055 1137
1507 757
1156 887
710 1284
1963 1606
412 430
451 495
83 235
1315 454
1860 1630
1101 1582
63 795
1142 1545
1380 1942
348 263
1285 1865
338 908
1917 370
273 1190
1349 542
147 235
1229 808
1857 745
1813 1767
360 1503
943 1039
541 1849
791 608
220 715
1044 692
877 997
362 1710
718 924
1984 1953
1337 42
1663 1272
802 1885
190 223
1334 1830
1339 890
736 1254
1854 601
1281 1064
1449 430
117 413
1541 1160
67 1145
988 791
335 448
1806 103
1732 595
766 895
1555 98
1559 1348
1076 1463
1095 337
578 321
119 1433
1509 980
1901 1767
173 1765
810 243
1607 118
1595 198
639 845
1031 1440
1261 717
1279 138
491 511
1947 1087
1210 405
1730 271
1728 770
3 346
1262 1682
513 574
919 1387
1184 1430
1323 382
594 830
20 1824
1455 1220
1970 1832
1899 82
352 328
860 62
1371 1443
835 1573
1387 766
1212 173
1014 241
974 854
38 419
306 89
93 1461
358 789
273 397
1111 1103
1303 1200
982 1716
89 274
1916 528
176 1902
1983 1446
366 1814
1198 1188
207 662
382 904
1424 1726
1142 914
209 1071
1350 849
931 228
1022 1561
996 778
117 599
833 1760
1370 970
1076 895
